     0/299     1.83G    0.1068   0.01719         0     0.124        29       416  0.001423    0.2524 0.0004053 7.565e-05   0.09983   0.01884         0
     1/299     6.05G    0.1034   0.01804         0    0.1215        38       416  0.002166    0.3981 0.0009126 0.0001449   0.09483   0.01573         0
     2/299      7.5G   0.09708   0.01675         0    0.1138        31       416  0.005063     0.233  0.002574 0.0004291   0.09211   0.01493         0
     3/299      7.5G   0.09521   0.01859         0    0.1138        25       416  0.007633   0.07767  0.002897 0.0005816   0.08737   0.01516         0
     4/299      7.5G   0.09013     0.017         0    0.1071        30       416   0.03148    0.1456   0.01327  0.002177   0.08574   0.01474         0
     5/299      7.5G   0.08378   0.01822         0     0.102        30       416     0.122    0.2816   0.08087   0.01753    0.0798   0.01454         0
     6/299      7.5G   0.07884   0.01813         0   0.09697        22       416    0.1842    0.2427    0.1124   0.02386   0.07148   0.01475         0
     7/299      7.5G   0.07416   0.01865         0   0.09281        36       416    0.2468    0.3204    0.1717   0.03831   0.06879   0.01337         0
     8/299      7.5G    0.0694   0.01657         0   0.08597        33       416    0.3541     0.301    0.2089   0.03671   0.07087   0.01207         0
     9/299      7.5G   0.06932   0.01544         0   0.08476        22       416    0.3607     0.466    0.3312   0.09831   0.06168   0.01232         0
    10/299      7.5G    0.0697   0.01599         0   0.08569        35       416    0.5046    0.4252    0.3765   0.09494    0.0651   0.01121         0
    11/299      7.5G   0.06534   0.01425         0   0.07959        29       416    0.4024    0.3204    0.2726   0.07031   0.06514   0.01037         0
    12/299      7.5G   0.06536   0.01444         0    0.0798        25       416    0.3938    0.5046    0.3709   0.09526    0.0655  0.009905         0
    13/299      7.5G   0.06225   0.01495         0    0.0772        41       416     0.351    0.6117    0.3813    0.1306   0.05902   0.01003         0
    14/299      7.5G   0.05951    0.0138         0    0.0733        34       416    0.3367    0.3981    0.3168   0.08064   0.06921  0.009038         0
    15/299      7.5G   0.06957   0.01284         0   0.08241        22       416    0.3308    0.4563     0.296   0.06762   0.06999  0.009085         0
    16/299     7.51G   0.07091   0.01142         0   0.08232        35       416    0.4895    0.5146    0.4508    0.1489   0.06454  0.009736         0
    17/299     7.51G   0.06764   0.01312         0   0.08076        27       416    0.6421    0.5437    0.5445    0.1909   0.06041  0.009941         0
    18/299     7.51G   0.06237   0.01269         0   0.07507        25       416    0.6676    0.5728    0.6245    0.2568   0.05616  0.009706         0
    19/299     7.51G   0.06211   0.01152         0   0.07363        20       416    0.7308    0.5049    0.5762    0.1927   0.06252  0.009179         0
    20/299     7.51G   0.06226   0.01204         0   0.07429        38       416    0.5871    0.6796    0.5911    0.1624   0.05492   0.00993         0
    21/299     7.51G   0.06026   0.01224         0    0.0725        29       416    0.4645    0.7282     0.557    0.2066   0.05756  0.008836         0
    22/299     7.51G   0.06359   0.01199         0   0.07558        37       416    0.6462    0.5146    0.5318    0.1709   0.05651  0.009528         0
    23/299     7.51G   0.06034   0.01098         0   0.07132        21       416     0.578    0.5718    0.5353    0.1873   0.05787  0.008936         0
    24/299     7.51G   0.05922    0.0124         0   0.07162        26       416    0.6481    0.6794    0.6147    0.2589   0.05076  0.009019         0
    25/299     7.51G   0.05787   0.01303         0    0.0709        42       416    0.5416    0.5506    0.5442    0.1828   0.05653  0.008959         0
    26/299     7.51G    0.0599   0.01181         0   0.07171        36       416    0.6347    0.4563    0.4598    0.1503   0.05433   0.01036         0
    27/299     7.51G    0.0579   0.01232         0   0.07023        39       416    0.5496    0.4265    0.4229    0.1246    0.0586  0.009611         0
    28/299     7.51G   0.06148   0.01145         0   0.07292        34       416    0.6766    0.6501     0.686    0.2956   0.04986  0.009429         0
    29/299     7.51G   0.05447   0.01038         0   0.06485        29       416    0.7552    0.6289    0.6787    0.2288   0.04929  0.009447         0
    30/299     7.51G   0.05472   0.01105         0   0.06576        31       416    0.7579    0.6408    0.6953    0.2901   0.04992  0.008812         0
    31/299     7.51G     0.055   0.01178         0   0.06678        45       416    0.6923    0.5825    0.5517    0.2043   0.05305  0.009821         0
    32/299     7.51G   0.05635   0.01036         0   0.06671        21       416     0.635    0.5922    0.6101    0.2648   0.04976  0.009387         0
    33/299     7.51G   0.05396   0.01183         0   0.06579        34       416    0.7467    0.6009    0.6382    0.1866   0.05573  0.008706         0
    34/299     7.51G   0.05821   0.01189         0    0.0701        40       416    0.6976    0.5823    0.6717    0.2398   0.05134  0.008583         0
    35/299     7.51G   0.05263   0.01063         0   0.06326        22       416    0.6864    0.5534    0.6001    0.2176    0.0522  0.008724         0
    36/299     7.51G   0.04952   0.01088         0   0.06039        48       416     0.711     0.621    0.7005    0.3144   0.05221  0.008705         0
    37/299     7.51G   0.05543   0.01008         0    0.0655        29       416    0.8052    0.6019    0.6376    0.2209   0.05448  0.008309         0
    38/299     7.51G   0.05086   0.01009         0   0.06095        30       416    0.5592    0.5922    0.5677    0.1942   0.05895  0.008955         0
    39/299     7.51G   0.05497   0.01009         0   0.06506        34       416    0.7894    0.5822    0.6454    0.2776   0.04924  0.009453         0
    40/299     7.51G   0.05062   0.01007         0   0.06069        24       416     0.649    0.7184    0.6595    0.2585   0.05271  0.008643         0
    41/299     7.51G   0.04917   0.01008         0   0.05925        36       416    0.7323     0.611    0.6708    0.2469   0.05212   0.00875         0
    42/299     7.51G   0.04797   0.01155         0   0.05952        40       416    0.7205     0.776    0.7544    0.3412   0.04569  0.008614         0
    43/299     7.51G   0.05234  0.009293         0   0.06163        27       416    0.7152    0.7379    0.7623    0.3329   0.04557    0.0083         0
    44/299     7.51G   0.04738  0.009982         0   0.05736        32       416    0.7547    0.6408    0.6901    0.3115   0.04622  0.008482         0
    45/299     7.51G   0.04928   0.01007         0   0.05936        42       416    0.7285    0.4951     0.498     0.134   0.06061  0.008015         0
    46/299     7.51G    0.0564  0.009858         0   0.06626        19       416    0.5877    0.6504    0.5506    0.1885   0.05404   0.00869         0
    47/299     7.51G   0.05387   0.01006         0   0.06393        29       416     0.654    0.6796      0.66    0.2226   0.04974  0.008098         0
    48/299     7.51G   0.05109   0.01077         0   0.06186        34       416    0.6428    0.7164    0.7116     0.318   0.05045  0.008789         0
    49/299     7.51G    0.0501   0.01005         0   0.06016        34       416    0.7956    0.7181    0.7523    0.2915    0.0494  0.008182         0
    50/299     7.51G   0.04823  0.008751         0   0.05698        38       416    0.8513    0.6112    0.7078    0.2704   0.05127    0.0087         0
    51/299     7.52G   0.04547   0.01023         0    0.0557        26       416    0.6193    0.7282    0.6437    0.2704   0.04966  0.008376         0
    52/299     7.52G    0.0491  0.008712         0   0.05781        47       416    0.8566     0.699    0.7417    0.3109   0.04626  0.007976         0
    53/299     7.52G   0.05337  0.009593         0   0.06296        35       416    0.7676    0.7184    0.7477    0.3046   0.04708   0.00818         0
    54/299     7.52G   0.04935  0.009375         0   0.05873        27       416    0.7956     0.718    0.7314    0.3284   0.04809  0.008052         0
    55/299     7.52G   0.04734  0.009769         0   0.05711        29       416    0.8194    0.7087    0.7325    0.2751   0.04617  0.008333         0
    56/299     7.52G   0.05171   0.01047         0   0.06217        44       416    0.8522    0.7282    0.7622    0.2701   0.04707  0.007985         0
    57/299     7.52G   0.04845  0.009954         0    0.0584        25       416    0.8552    0.6893      0.75    0.3289   0.04563  0.008254         0
    58/299     7.52G   0.04358   0.01015         0   0.05373        45       416    0.8718      0.66    0.7382    0.3345   0.04437  0.008265         0
    59/299     7.52G   0.04434  0.009366         0    0.0537        27       416     0.666    0.6001    0.6034    0.2766   0.04989  0.009781         0
    60/299     7.52G   0.04663  0.008761         0   0.05539        24       416    0.8411    0.6214     0.696    0.2926   0.04982  0.008455         0
    61/299     7.52G   0.04234  0.009102         0   0.05145        35       416    0.8214    0.6697    0.6784    0.2906   0.04695  0.009634         0
    62/299     7.52G   0.04734   0.01079         0   0.05813        29       416     0.785    0.8154    0.7993    0.3578   0.04424  0.008011         0
    63/299     7.52G   0.04389   0.01006         0   0.05395        32       416    0.7884     0.796    0.7603    0.3391   0.04593   0.00795         0
    64/299     7.52G   0.04139   0.01019         0   0.05158        40       416    0.7765    0.7085    0.7438    0.3482   0.04624  0.008646         0
    65/299     7.52G    0.0424  0.008905         0    0.0513        34       416    0.6855    0.6983    0.6751    0.3235   0.04572   0.01042         0
    66/299     7.52G   0.04077  0.009892         0   0.05066        63       416    0.8202    0.7087    0.7767    0.3199   0.04406  0.008914         0
    67/299     7.52G   0.04104  0.009279         0   0.05032        43       416    0.8477    0.6505    0.7745    0.3864   0.04498  0.008408         0
    68/299     7.52G   0.04068  0.009264         0   0.04995        27       416    0.7827    0.8058    0.7959    0.4019   0.04145  0.008181         0
    69/299     7.52G   0.03804  0.008838         0   0.04688        38       416    0.8748    0.7476    0.7865    0.3901   0.04008  0.008534         0
    70/299     7.52G   0.03629   0.01001         0   0.04629        36       416    0.8182    0.6989    0.6929    0.3459    0.0442  0.009017         0
    71/299     7.52G   0.04442  0.008627         0   0.05305        34       416    0.8587    0.7081    0.7844    0.3158   0.04605  0.008339         0
    72/299     7.52G   0.04053  0.008078         0   0.04861        42       416    0.7892    0.7282    0.7645    0.3579   0.04396  0.008608         0
    73/299     7.52G   0.03697  0.008475         0   0.04545        42       416     0.808    0.7767    0.7913    0.3961   0.04101  0.008752         0
    74/299     7.52G   0.03703  0.007853         0   0.04489        32       416     0.785    0.8153    0.7966    0.4206   0.03909  0.007889         0
    75/299     7.52G   0.03759  0.008335         0   0.04593        30       416    0.7957    0.7573    0.7906    0.3849    0.0412  0.008693         0
    76/299     7.52G   0.04051  0.008833         0   0.04934        32       416      0.66    0.7573    0.7422    0.3181     0.046  0.009377         0
    77/299     7.52G   0.04171  0.009386         0    0.0511        20       416    0.7998    0.7379    0.7817    0.3455   0.04393  0.008515         0
    78/299     7.52G   0.04311  0.009204         0   0.05232        33       416    0.8539    0.7961    0.8079    0.3782   0.04338    0.0084         0
    79/299     7.52G   0.03955  0.009423         0   0.04897        31       416    0.8347    0.7864     0.812    0.3893    0.0403  0.008188         0
    80/299     7.52G   0.04257  0.009153         0   0.05173        43       416    0.8163    0.7767    0.7868    0.3257    0.0433  0.008377         0
    81/299     7.52G   0.03856  0.009188         0   0.04775        34       416    0.7754    0.7379    0.7782    0.3755   0.04136  0.008609         0
    82/299     7.52G   0.03582  0.008401         0   0.04422        38       416    0.7378    0.7376    0.7471     0.322   0.04578  0.008908         0
    83/299     7.52G   0.04289  0.007189         0   0.05008        27       416     0.756    0.6019    0.6718    0.2955   0.04978   0.01028         0
    84/299     7.52G   0.03816  0.009895         0   0.04805        29       416    0.8182    0.7864    0.8119      0.35   0.04425  0.008241         0
    85/299     7.52G   0.03762  0.008938         0   0.04656        29       416    0.7809    0.7961    0.8026    0.3644   0.04225  0.008897         0
    86/299     7.52G   0.03541  0.008771         0   0.04418        36       416    0.7253    0.6699    0.6913    0.3407   0.04603   0.01232         0
    87/299     7.52G     0.037  0.009776         0   0.04678        37       416     0.827     0.699    0.7393    0.3719   0.04306  0.009905         0
    88/299     7.52G    0.0374  0.009104         0   0.04651        24       416    0.8292    0.6599    0.7537    0.3634   0.04346  0.009647         0
    89/299     7.52G   0.03688  0.009226         0    0.0461        36       416    0.8191    0.6595     0.726    0.3287   0.04836   0.00972         0
    90/299     7.52G   0.03828  0.009247         0   0.04753        37       416    0.8389    0.6602    0.7685    0.3283   0.04597  0.008683         0
    91/299     7.52G   0.04343  0.009209         0   0.05264        28       416    0.8604     0.718    0.7901    0.3859   0.04313  0.008468         0
    92/299     7.52G   0.04146  0.008859         0   0.05032        54       416    0.8202    0.7085    0.7314    0.3589   0.04323  0.008444         0
    93/299     7.52G   0.03601  0.008921         0   0.04493        37       416    0.7448    0.7085    0.7362    0.3302     0.046  0.008642         0
    94/299     7.52G   0.03564  0.009273         0   0.04491        49       416    0.8206    0.6699    0.7435     0.391   0.04146  0.009717         0
    95/299     7.52G   0.03704  0.008975         0   0.04602        45       416    0.9507    0.5825     0.746    0.3499   0.04398  0.009561         0
    96/299     7.52G    0.0375  0.009903         0   0.04741        37       416    0.8044    0.6796    0.7603    0.4038   0.04132  0.009259         0
    97/299     7.52G   0.03693  0.009986         0   0.04691        49       416    0.7931    0.7087    0.7089     0.336   0.04411  0.009399         0
    98/299     7.52G   0.03457  0.008491         0   0.04307        28       416    0.8728    0.6019    0.7012    0.3517   0.04501  0.008978         0
    99/299     7.52G   0.03495  0.008572         0   0.04352        33       416    0.7744    0.7087     0.744     0.379   0.04388  0.008813         0
   100/299     7.52G   0.03312  0.008231         0   0.04135        34       416    0.8132    0.7183    0.7949    0.3816   0.04368  0.008652         0
   101/299     7.52G   0.03262  0.008943         0   0.04156        39       416    0.8261    0.7379    0.7816    0.3811   0.04149  0.008917         0
   102/299     7.52G   0.03351  0.009514         0   0.04302        35       416      0.83    0.8155    0.8113    0.3694   0.04167  0.008642         0
   103/299     7.52G   0.03595  0.008284         0   0.04424        40       416    0.8752    0.7573    0.8316    0.3851   0.04005  0.008817         0
   104/299     7.52G    0.0347  0.008022         0   0.04272        34       416    0.8144    0.7666     0.795     0.391   0.04051   0.00934         0
   105/299     7.52G   0.03306  0.008523         0   0.04158        49       416    0.8313    0.6699    0.7608    0.3654    0.0437  0.009147         0
   106/299     7.52G   0.03467  0.007571         0   0.04224        23       416    0.7865    0.6794    0.6991    0.3276   0.04547  0.009435         0
   107/299     7.52G   0.03669  0.008567         0   0.04526        35       416    0.8433    0.6794    0.7516    0.3737   0.04213  0.009132         0
   108/299     7.52G   0.03411  0.008227         0   0.04233        33       416    0.8587    0.7669    0.7946     0.402   0.03935  0.008884         0
   109/299     7.52G   0.03264   0.00842         0   0.04106        47       416    0.8393     0.767    0.7829    0.4096   0.03885  0.008944         0
   110/299     7.52G   0.03054  0.008072         0   0.03861        21       416    0.8631    0.7961    0.8342    0.4204   0.04069  0.009076         0
   111/299     7.52G   0.03628  0.008357         0   0.04464        42       416    0.8889    0.7766    0.8328    0.4068   0.04149  0.008829         0
   112/299     7.52G    0.0336  0.007617         0   0.04122        30       416    0.8384    0.8057    0.7973    0.4159   0.03981   0.00852         0
   113/299     7.52G   0.02973  0.008793         0   0.03852        33       416    0.8631    0.7961    0.8137     0.413    0.0396   0.00862         0
   114/299     7.52G     0.032  0.008936         0   0.04093        29       416    0.8736    0.8058    0.7962    0.4132    0.0381  0.009648         0
   115/299     7.52G   0.03055  0.007279         0   0.03783        29       416    0.8709    0.7864    0.8156    0.4269   0.03738   0.00935         0
   116/299     7.52G   0.03131  0.008533         0   0.03984        51       416    0.8696    0.7767     0.808    0.4292   0.03779  0.009192         0
   117/299     7.52G   0.03109  0.008433         0   0.03952        27       416    0.7856    0.7476    0.7497    0.3483   0.04471  0.009424         0
   118/299     7.52G   0.03273  0.009028         0   0.04176        49       416    0.8098    0.7864    0.7641    0.3767   0.04222  0.009073         0
   119/299     7.52G   0.02963  0.007554         0   0.03718        22       416     0.852    0.7282    0.7856    0.3912   0.03905  0.009749         0
   120/299     7.52G   0.03173  0.008174         0    0.0399        39       416    0.8275    0.6985    0.7284    0.3507   0.04453  0.009969         0
   121/299     7.52G   0.03019  0.006886         0   0.03708        31       416    0.8735    0.7378    0.7969      0.38   0.04353  0.009587         0
   122/299     7.52G   0.03173  0.007494         0   0.03922        39       416     0.798     0.767    0.7678    0.3922   0.04166   0.01029         0
   123/299     7.52G   0.02992  0.007418         0   0.03734        21       416    0.8658    0.6892    0.7538    0.3895   0.04168   0.01005         0
   124/299     7.52G    0.0294  0.007944         0   0.03734        36       416    0.8061    0.7669    0.7935    0.3784   0.03996  0.009667         0
   125/299     7.52G   0.02928  0.008104         0   0.03738        26       416    0.7705    0.8155    0.7702    0.3825   0.04089  0.009183         0
   126/299     7.52G   0.03064  0.007083         0   0.03772        38       416     0.752    0.7654    0.7152    0.3623   0.04132   0.01028         0
   127/299     7.52G   0.02649   0.00675         0   0.03324        29       416    0.7913    0.7362    0.7183    0.3664   0.04069   0.01033         0
   128/299     7.52G     0.029  0.006678         0   0.03568        32       416    0.8443    0.7379    0.7441    0.3358   0.04123   0.00986         0
   129/299     7.52G   0.02946   0.00721         0   0.03667        21       416    0.8351    0.7377    0.7999    0.3912   0.03987  0.009276         0
   130/299     7.52G   0.02993  0.007426         0   0.03735        22       416    0.8837    0.7376    0.7995    0.3945   0.03853   0.00877         0
   131/299     7.52G   0.02813  0.006576         0   0.03471        46       416     0.846    0.7476    0.7733    0.3914   0.04005  0.009487         0
   132/299     7.52G   0.03111  0.008099         0    0.0392        38       416    0.7878    0.7568    0.7386    0.3167   0.04672   0.01065         0
   133/299     7.52G   0.02983   0.00755         0   0.03738        36       416      0.85    0.6602    0.7371    0.3476   0.04465   0.01125         0
   134/299     7.52G    0.0275   0.00674         0   0.03424        34       416    0.7684    0.7087    0.7112    0.3803   0.04144   0.01095         0
   135/299     7.52G   0.02953  0.007502         0   0.03703        33       416    0.7978     0.767    0.7774    0.4086   0.04023  0.009527         0
   136/299     7.52G   0.02616  0.007023         0   0.03318        26       416    0.8058    0.8058    0.7953    0.4189   0.03824  0.009014         0
   137/299     7.52G   0.02473  0.006159         0   0.03089        26       416    0.8624    0.6699    0.7265    0.3937   0.03919  0.009488         0
   138/299     7.52G   0.02583  0.007186         0   0.03302        45       416    0.7999    0.7763    0.7567    0.3918   0.04069  0.009279         0
   139/299     7.52G   0.02902  0.006362         0   0.03538        46       416    0.8809    0.7179    0.7517    0.3763   0.03998  0.009003         0
   140/299     7.52G   0.03031  0.007115         0   0.03742        28       416     0.798     0.767    0.7795    0.4358   0.03858  0.009083         0
   141/299     7.52G   0.02673   0.00762         0   0.03435        22       416    0.8876     0.767    0.8118    0.4528   0.03686  0.008564         0
   142/299     7.52G   0.02665  0.007035         0   0.03368        39       416    0.8236    0.7864     0.803    0.3974   0.04131  0.009509         0
   143/299     7.52G   0.03228  0.006453         0   0.03873        17       416    0.8349    0.7864    0.7865    0.4171   0.03998  0.009963         0
   144/299     7.52G   0.03015  0.007664         0   0.03782        43       416     0.863    0.7961    0.7999    0.4409   0.03862  0.009521         0
   145/299     7.52G    0.0258   0.00689         0   0.03269        27       416    0.8582    0.7087    0.7721    0.4079   0.04071  0.009702         0
   146/299     7.52G     0.026  0.006946         0   0.03295        37       416    0.8414    0.6699    0.7391    0.3958   0.04079   0.01088         0
   147/299     7.52G   0.02673   0.00681         0   0.03354        37       416    0.8102    0.7476    0.7717    0.4089   0.04013   0.01081         0
   148/299     7.52G   0.02612  0.007415         0   0.03353        31       416    0.8749    0.7476    0.8151    0.4443   0.03708  0.009618         0
   149/299     7.52G   0.02666  0.007174         0   0.03383        39       416    0.7924    0.8154    0.8219    0.4439   0.03731  0.009179         0
   150/299     7.52G   0.02983  0.007508         0   0.03734        23       416    0.9294     0.767     0.865    0.4615   0.03749  0.008792         0
   151/299     7.52G   0.02631  0.006191         0    0.0325        25       416      0.89    0.7864    0.8206    0.4402   0.03767   0.00905         0
   152/299     7.52G   0.02839    0.0077         0   0.03609        54       416    0.8695    0.7767    0.8205    0.4459   0.03808   0.00896         0
   153/299     7.52G   0.02498  0.006631         0   0.03161        20       416    0.8349    0.8349     0.812    0.4366   0.03721  0.008919         0
   154/299     7.52G    0.0254  0.007549         0   0.03295        30       416    0.7863    0.7864    0.7424    0.4233   0.03835  0.009539         0
   155/299     7.52G   0.02659  0.007178         0   0.03377        26       416    0.8449    0.6893    0.7544     0.429    0.0374   0.01009         0
   156/299     7.52G    0.0267  0.006986         0   0.03368        35       416    0.7669     0.767    0.7378    0.3937   0.03882   0.01029         0
   157/299     7.52G   0.02577  0.006974         0   0.03274        32       416    0.8744    0.7476    0.7906    0.4318   0.03893   0.01084         0
   158/299     7.52G   0.02539  0.006422         0   0.03181        27       416    0.8103    0.7476    0.7442    0.4203    0.0393   0.01129         0
   159/299     7.52G   0.02535  0.006803         0   0.03215        29       416    0.8488    0.7087    0.7405    0.4095   0.03856   0.01074         0
   160/299     7.52G   0.02766  0.006997         0   0.03465        25       416    0.8367    0.7959    0.7686    0.4178    0.0374    0.0105         0
   161/299     7.52G   0.02434  0.005712         0   0.03005        15       416    0.8597    0.7767    0.7917    0.4521   0.03588  0.009389         0
   162/299     7.52G   0.02494  0.006316         0   0.03126        45       416    0.8913     0.796    0.8033    0.4366   0.03796  0.009128         0
   163/299     7.52G   0.02748  0.007018         0    0.0345        33       416    0.8416    0.8252    0.8014    0.4445   0.03658  0.009393         0
   164/299     7.52G   0.02607  0.006833         0    0.0329        26       416    0.8245    0.7767    0.7956     0.425   0.03761  0.009498         0
   165/299     7.52G   0.02236  0.006662         0   0.02902        44       416    0.8091     0.835     0.792    0.4236   0.03707   0.00915         0
   166/299     7.52G   0.02292  0.006246         0   0.02917        34       416    0.8153    0.8144    0.7935    0.4216   0.03803   0.00888         0
   167/299     7.52G   0.02669   0.00647         0   0.03316        22       416     0.842    0.7767    0.8033    0.4219   0.03825   0.00907         0
   168/299     7.52G    0.0267  0.006438         0   0.03314        26       416    0.8862    0.7573    0.8033    0.4404   0.03738  0.009031         0
   169/299     7.52G   0.02209  0.006438         0   0.02852        26       416    0.7875    0.8641    0.8295     0.436   0.03711  0.008689         0
   170/299     7.52G   0.02718  0.006394         0   0.03358        29       416    0.8037     0.835    0.7976    0.4449   0.03699   0.00891         0
   171/299     7.52G   0.02278  0.005611         0    0.0284        31       416    0.8451    0.7961    0.8094    0.4458   0.03596  0.008706         0
   172/299     7.52G   0.02381  0.006534         0   0.03034        34       416    0.8112    0.8341    0.8214    0.4469    0.0359  0.008987         0
   173/299     7.52G   0.02443  0.006734         0   0.03116        34       416    0.8723    0.7961    0.8455    0.4492   0.03734   0.00872         0
   174/299     7.52G   0.02506  0.006419         0   0.03148        34       416    0.7787     0.854    0.8104     0.453   0.03702  0.008901         0
   175/299     7.52G   0.02755  0.006484         0   0.03403        32       416    0.7981    0.8057    0.7746    0.4229   0.03898  0.009312         0
   176/299     7.52G   0.02643  0.007049         0   0.03348        44       416    0.8186    0.7476    0.7498    0.4034   0.03998   0.01024         0
   177/299     7.52G   0.02397  0.006486         0   0.03046        36       416    0.8261    0.7378    0.7702    0.4067   0.04044   0.01085         0
   178/299     7.52G   0.02238  0.006199         0   0.02858        21       416      0.79    0.7668    0.7732     0.437    0.0375   0.01096         0
   179/299     7.52G   0.02557  0.006674         0   0.03225        35       416    0.8401     0.767     0.777    0.4272   0.03772   0.01084         0
   180/299     7.52G   0.02618  0.007151         0   0.03333        38       416    0.8444    0.7961     0.815    0.4221   0.03751  0.009884         0
   181/299     7.52G   0.02273  0.006283         0   0.02901        36       416    0.8419    0.7767    0.7773    0.4328   0.03631   0.01001         0
   182/299     7.52G   0.02346  0.006588         0   0.03005        46       416    0.8038    0.7961    0.7687    0.4411   0.03633  0.009952         0
   183/299     7.52G    0.0215  0.005692         0   0.02719        24       416    0.8652    0.7476    0.7947    0.4512   0.03563   0.01024         0
   184/299     7.52G   0.02137  0.005541         0   0.02692        39       416    0.8642    0.6794    0.7351    0.4065   0.03836   0.01219         0
   185/299     7.52G   0.02161  0.005611         0   0.02723        27       416    0.9078     0.767     0.794    0.4414   0.03568   0.01047         0
   186/299     7.52G   0.02236  0.006976         0   0.02934        64       416    0.8617    0.7864    0.7806    0.4429   0.03567  0.009957         0
   187/299     7.52G   0.02051  0.005872         0   0.02639        29       416     0.908    0.7669    0.8098    0.4462   0.03442  0.009941         0
   188/299     7.52G   0.02217  0.005926         0   0.02809        29       416     0.835    0.7864    0.7521    0.4295   0.03502  0.009954         0
   189/299     7.52G   0.02021  0.006224         0   0.02643        34       416    0.8116    0.7961    0.7434    0.4241   0.03572   0.01043         0
   190/299     7.52G   0.02163  0.006051         0   0.02768        39       416    0.8974    0.6796    0.7537    0.4264   0.03885   0.01135         0
   191/299     7.52G    0.0238  0.005618         0   0.02942        32       416    0.8016    0.7864     0.744    0.4228   0.03893   0.01127         0
   192/299     7.52G   0.02288  0.006418         0    0.0293        28       416    0.8651    0.7476    0.7774    0.4324   0.03837    0.0108         0
   193/299     7.52G   0.02377  0.005816         0   0.02959        28       416    0.8385    0.8155    0.8177    0.4445   0.03744   0.01072         0
   194/299     7.52G   0.02301  0.005529         0   0.02854        30       416    0.8057    0.8058    0.7727    0.4417   0.03707   0.01105         0
   195/299     7.52G   0.02543  0.005886         0   0.03132        36       416    0.8461    0.7476    0.7613    0.4269   0.03805   0.01096         0
   196/299     7.52G   0.02379  0.006215         0   0.03001        26       416    0.8126    0.8422    0.8013    0.4264   0.03745    0.0104         0
   197/299     7.52G    0.0239  0.006037         0   0.02994        39       416    0.8333    0.7767     0.752    0.4187   0.03788   0.01061         0
   198/299     7.52G   0.02197  0.006398         0   0.02837        28       416    0.8014    0.7864    0.7319    0.4059   0.03836   0.01126         0
   199/299     7.52G   0.02232  0.006142         0   0.02846        40       416    0.8709    0.7864    0.8013    0.4238   0.03649   0.01104         0
   200/299     7.52G   0.02174  0.006505         0   0.02825        29       416    0.8366    0.7476    0.7965    0.4374   0.03653   0.01074         0
   201/299     7.52G   0.02154   0.00586         0    0.0274        28       416    0.8293    0.7573    0.7743    0.4209   0.03731   0.01096         0
   202/299     7.52G   0.02127  0.005632         0    0.0269        34       416    0.8154    0.8155    0.7798    0.4314    0.0363    0.0106         0
   203/299     7.52G   0.02171  0.005751         0   0.02746        39       416    0.8541    0.7961    0.7748    0.4254   0.03642   0.01007         0
   204/299     7.52G   0.02258   0.00611         0   0.02869        46       416    0.8845    0.7476    0.7853    0.4045   0.03661   0.01032         0
   205/299     7.52G   0.02106  0.006036         0   0.02709        35       416    0.8134    0.8058     0.795    0.4172   0.03668    0.0105         0
   206/299     7.52G   0.02072  0.006053         0   0.02678        36       416    0.8444    0.7378    0.7623    0.4153   0.03742   0.01114         0
   207/299     7.52G   0.02004  0.005233         0   0.02527        31       416    0.8218    0.8057    0.7966    0.4157   0.03713   0.01094         0
   208/299     7.52G   0.01987  0.005761         0   0.02563        22       416    0.8497    0.8236    0.8026    0.4193   0.03702   0.01069         0
   209/299     7.52G   0.01959  0.005334         0   0.02493        24       416    0.8182    0.7864    0.7803    0.4267   0.03693   0.01042         0
   210/299     7.52G   0.01883  0.005511         0   0.02434        37       416    0.8454    0.7961    0.8027    0.4258   0.03568   0.01105         0
   211/299     7.52G    0.0206  0.006059         0   0.02666        29       416    0.8359    0.7961    0.8004    0.4265   0.03672   0.01125         0
   212/299     7.52G   0.02037  0.005776         0   0.02615        24       416    0.8404    0.7668    0.7795    0.4373    0.0364   0.01186         0
   213/299     7.52G   0.01866  0.005683         0   0.02435        37       416    0.7941     0.824    0.7868    0.4399   0.03661    0.0121         0
   214/299     7.52G   0.01979  0.005721         0   0.02551        31       416    0.8666     0.757    0.7849    0.4435   0.03616   0.01115         0
   215/299     7.52G   0.02125  0.005437         0   0.02669        59       416    0.8198    0.8544    0.8131    0.4282   0.03524    0.0105         0
   216/299     7.52G   0.02028  0.005823         0    0.0261        30       416    0.8681     0.767    0.7575    0.4139   0.03623    0.0112         0
   217/299     7.52G   0.02045  0.005643         0    0.0261        44       416    0.8494     0.767    0.7635    0.4365   0.03587   0.01041         0
   218/299     7.52G   0.01748  0.004899         0   0.02238        34       416    0.8484    0.8155     0.793    0.4423   0.03543   0.01011         0
   219/299     7.52G   0.01914  0.005331         0   0.02447        27       416    0.8245    0.8209    0.7826    0.4295   0.03607   0.01056         0
   220/299     7.52G   0.02057  0.005418         0   0.02599        36       416    0.8747    0.7476    0.7742    0.4147   0.03687   0.01071         0
   221/299     7.52G   0.02121   0.00582         0   0.02703        27       416    0.8539    0.7378    0.8088    0.4319   0.03767   0.01047         0
   222/299     7.52G   0.01845  0.006031         0   0.02448        33       416    0.8666    0.7571    0.8269    0.4386   0.03851    0.0104         0
   223/299     7.52G   0.02158  0.005319         0    0.0269        31       416    0.8217    0.8058     0.807    0.4374   0.03737   0.01096         0
   224/299     7.52G   0.02128  0.004975         0   0.02625        33       416    0.8385    0.7573    0.7797    0.4238   0.03745   0.01147         0
   225/299     7.52G   0.01905  0.005336         0   0.02438        45       416    0.8136    0.8053    0.7742    0.4188   0.03752    0.0109         0
   226/299     7.52G    0.0196  0.005324         0   0.02492        19       416    0.8262    0.7864    0.7669    0.4271   0.03646   0.01054         0
   227/299     7.52G    0.0191  0.005597         0   0.02469        49       416    0.8349    0.7864    0.7706    0.4249   0.03584   0.01013         0
   228/299     7.52G   0.01917   0.00555         0   0.02472        15       416    0.8775    0.8348    0.8185    0.4316    0.0356  0.009709         0
   229/299     7.52G   0.01754  0.005295         0   0.02284        46       416    0.8659    0.8152    0.8164    0.4467   0.03631  0.009815         0
   230/299     7.52G   0.01814  0.005285         0   0.02342        34       416    0.8632    0.7961    0.8114    0.4544   0.03629   0.01002         0
   231/299     7.52G   0.01876  0.005563         0   0.02433        24       416    0.8614    0.7864    0.8115     0.444   0.03773   0.01012         0
   232/299     7.52G    0.0201  0.005301         0    0.0254        25       416     0.866    0.8155    0.8356    0.4483   0.03716  0.009929         0
   233/299     7.52G   0.01832  0.005417         0   0.02373        18       416    0.8673    0.8252    0.8157    0.4349   0.03628  0.009721         0
   234/299     7.52G   0.01832  0.005261         0   0.02358        48       416    0.8854    0.8252    0.8099    0.4315   0.03639  0.009845         0
   235/299     7.52G   0.01829  0.005261         0   0.02355        59       416    0.8268    0.8343    0.7906    0.4238   0.03696   0.01022         0
   236/299     7.52G   0.01789  0.004756         0   0.02265        42       416    0.8018    0.8249      0.79    0.4309    0.0373   0.01113         0
   237/299     7.52G   0.01823  0.005174         0   0.02341        34       416    0.8695    0.7767    0.7864    0.4283   0.03714   0.01098         0
   238/299     7.52G   0.01779  0.005116         0   0.02291        44       416    0.8404    0.7669    0.7762    0.4307   0.03698    0.0111         0
   239/299     7.52G   0.01828  0.005347         0   0.02362        28       416    0.8229    0.7669    0.7818    0.4319    0.0362   0.01084         0
   240/299     7.52G   0.01939  0.005838         0   0.02522        51       416    0.8235    0.8155    0.7699    0.4325   0.03522   0.01048         0
   241/299     7.52G   0.01812   0.00456         0   0.02268        22       416    0.8252    0.8249    0.7978    0.4235   0.03619   0.01074         0
   242/299     7.52G   0.01753  0.005337         0   0.02287        36       416    0.8515    0.8348    0.8157    0.4294   0.03806   0.01133         0
   243/299     7.52G   0.01827  0.005352         0   0.02362        25       416    0.8525    0.7864    0.8029    0.4243   0.03897   0.01074         0
   244/299     7.52G   0.01844  0.005667         0   0.02411        40       416    0.8616    0.7864    0.7985    0.4282   0.03947   0.01056         0
   245/299     7.52G    0.0177  0.005411         0   0.02311        35       416    0.8616    0.7859    0.7861    0.4334   0.03899   0.01069         0
   246/299     7.52G   0.01802  0.004903         0   0.02293        32       416    0.8804    0.7862    0.7989    0.4401    0.0378   0.01056         0
   247/299     7.52G   0.01782  0.005075         0   0.02289        36       416    0.8365    0.8445    0.8044    0.4447   0.03647   0.01028         0
   248/299     7.52G   0.01712  0.005166         0   0.02229        29       416    0.8332    0.8252    0.7829    0.4333   0.03592   0.01062         0
   249/299     7.52G   0.01905  0.005093         0   0.02414        29       416    0.8692    0.7767    0.7849    0.4289   0.03585   0.01143         0
   250/299     7.52G   0.01688  0.004893         0   0.02178        26       416    0.8294    0.7573    0.7733    0.4243   0.03711   0.01191         0
   251/299     7.52G   0.01734  0.004916         0   0.02226        20       416    0.8245    0.7753    0.7794    0.4241   0.03755   0.01193         0
   252/299     7.52G   0.01672  0.004872         0   0.02159        44       416    0.8571    0.8155    0.7896    0.4358    0.0375   0.01141         0
   253/299     7.52G   0.01622  0.004783         0   0.02101        32       416     0.851    0.7766    0.7964    0.4446   0.03666   0.01119         0
   254/299     7.52G   0.01683  0.004779         0   0.02161        28       416    0.8791    0.7765    0.7988    0.4434   0.03633   0.01114         0
   255/299     7.52G   0.01753  0.004872         0    0.0224        41       416      0.89    0.7853    0.8107      0.45   0.03614   0.01108         0
   256/299     7.52G   0.01562  0.004582         0   0.02021        45       416    0.8829    0.8058     0.812    0.4553   0.03521     0.011         0
   257/299     7.52G   0.01608  0.005537         0   0.02162        34       416    0.8969    0.8442     0.842    0.4582   0.03495   0.01111         0
   258/299     7.52G   0.01711  0.005041         0   0.02215        31       416    0.8934    0.8155     0.824    0.4626   0.03481   0.01124         0
   259/299     7.52G   0.01756  0.005594         0   0.02316        33       416    0.8614    0.8444    0.8366    0.4644   0.03541   0.01131         0
   260/299     7.52G   0.01609  0.004638         0   0.02073        24       416    0.8631    0.7958    0.8156    0.4535   0.03585   0.01119         0
   261/299     7.52G   0.01687   0.00477         0   0.02164        33       416     0.878    0.8447    0.8308    0.4604   0.03562    0.0107         0
   262/299     7.52G   0.01556  0.004944         0    0.0205        42       416    0.8723     0.862    0.8427    0.4488   0.03603   0.01057         0
   263/299     7.52G   0.01537  0.004855         0   0.02022        33       416     0.875    0.8155    0.8073    0.4459   0.03554   0.01066         0
   264/299     7.52G   0.01535  0.004881         0   0.02023        34       416    0.8617    0.7863    0.7944     0.448   0.03588     0.011         0
   265/299     7.52G   0.01591  0.004817         0   0.02072        50       416    0.8645    0.8058    0.8218    0.4547   0.03618   0.01097         0
   266/299     7.52G   0.01572  0.005143         0   0.02086        34       416    0.8614    0.8446    0.8167    0.4609   0.03643   0.01065         0
   267/299     7.52G   0.01547  0.004678         0   0.02015        37       416    0.8875    0.8427    0.8207     0.464   0.03632   0.01057         0
   268/299     7.52G   0.01532  0.004655         0   0.01997        33       416    0.8788    0.8446    0.8155    0.4524   0.03661   0.01074         0
   269/299     7.52G   0.01528  0.004577         0   0.01985        35       416    0.8979    0.8543    0.8364    0.4554   0.03586   0.01064         0
   270/299     7.52G   0.01607  0.004104         0   0.02018        28       416    0.8853    0.8252    0.8109    0.4588   0.03578   0.01091         0
   271/299     7.52G   0.01699  0.005321         0   0.02231        45       416    0.8853    0.8252    0.8146    0.4595    0.0358   0.01095         0
   272/299     7.52G   0.01606  0.004811         0   0.02088        42       416    0.8854    0.8252    0.8229    0.4675    0.0354   0.01085         0
   273/299     7.52G   0.01679  0.005248         0   0.02204        27       416    0.8876    0.8447    0.8359    0.4664   0.03547   0.01079         0
   274/299     7.52G   0.01588  0.004599         0   0.02048        26       416      0.86    0.8349    0.8218    0.4566   0.03546   0.01057         0
   275/299     7.52G   0.01451  0.004743         0   0.01925        26       416    0.8673    0.8251    0.8063    0.4541   0.03583    0.0107         0
   276/299     7.52G   0.01543  0.005243         0   0.02067        26       416    0.8571    0.8154    0.8137    0.4541   0.03571   0.01064         0
   277/299     7.52G   0.01432  0.004204         0   0.01852        31       416      0.85    0.8252    0.8125    0.4596   0.03547   0.01074         0
   278/299     7.52G   0.01475  0.004555         0    0.0193        34       416     0.866    0.8154    0.8014    0.4633   0.03493   0.01065         0
   279/299     7.52G   0.01591  0.005066         0   0.02097        58       416    0.8498    0.8252    0.8051    0.4685    0.0351   0.01062         0
   280/299     7.52G   0.01592  0.004376         0    0.0203        36       416      0.84    0.8154    0.7845    0.4574   0.03496   0.01079         0
   281/299     7.52G   0.01521  0.004268         0   0.01948        33       416    0.8411    0.8252     0.788    0.4609   0.03507   0.01088         0
   282/299     7.52G   0.01418  0.004044         0   0.01823        30       416    0.8399    0.8152    0.7855    0.4456   0.03605   0.01149         0
   283/299     7.52G    0.0146  0.004935         0   0.01953        44       416    0.8209    0.8058    0.7942    0.4371   0.03631   0.01166         0
   284/299     7.52G   0.01456   0.00431         0   0.01887        23       416      0.83    0.8057     0.793    0.4383   0.03609   0.01143         0
   285/299     7.52G   0.01506  0.004731         0    0.0198        50       416    0.8586    0.8252    0.7807    0.4486   0.03547   0.01098         0
   286/299     7.52G   0.01391  0.004515         0   0.01842        22       416    0.8513     0.835    0.7945    0.4508   0.03548    0.0108         0
   287/299     7.52G   0.01537  0.004679         0   0.02005        19       416    0.8332    0.8252    0.8009    0.4626   0.03521   0.01071         0
   288/299     7.52G   0.01462  0.004959         0   0.01958        32       416    0.8383    0.8058    0.7869    0.4484   0.03551   0.01092         0
   289/299     7.52G   0.01549  0.004746         0   0.02024        48       416    0.8465    0.8058    0.8106    0.4492   0.03583   0.01114         0
   290/299     7.52G   0.01427  0.004484         0   0.01875        28       416    0.8557    0.8057    0.8154    0.4592   0.03564   0.01103         0
   291/299     7.52G   0.01495  0.004608         0   0.01956        47       416     0.875    0.8155    0.8166    0.4558   0.03575   0.01099         0
   292/299     7.52G   0.01512  0.004918         0   0.02003        30       416    0.8736    0.8058     0.808    0.4547   0.03611   0.01141         0
   293/299     7.52G   0.01489  0.004794         0   0.01969        32       416    0.8581    0.8252    0.8112    0.4514   0.03643   0.01145         0
   294/299     7.52G   0.01453  0.003497         0   0.01803        41       416    0.8571    0.8153    0.8215    0.4551   0.03613   0.01145         0
   295/299     7.52G   0.01405  0.004003         0   0.01806        17       416    0.8563    0.8155    0.8305    0.4543   0.03646    0.0119         0
   296/299     7.52G   0.01564  0.004293         0   0.01993        39       416     0.866    0.8154    0.8172    0.4444   0.03629    0.0117         0
   297/299     7.52G   0.01428  0.004716         0   0.01899        22       416    0.8515    0.8349    0.8216    0.4527   0.03538    0.0112         0
   298/299     7.52G   0.01502  0.004777         0    0.0198        38       416    0.8381    0.8542    0.8259    0.4609   0.03544   0.01113         0
   299/299     7.52G   0.01373  0.004223         0   0.01796        28       416    0.8613    0.8443    0.8234    0.4572   0.03545   0.01103         0
