     0/299     1.76G    0.1076   0.01707         0    0.1247        17       416  0.001766    0.2075 0.0005447  7.88e-05    0.1054     0.016         0
     1/299     6.34G    0.1037   0.01762         0    0.1213        28       416  0.002261    0.1792 0.0007426 0.0001102    0.1001    0.0138         0
     2/299     7.78G   0.09629   0.01597         0    0.1123        27       416  0.004858   0.07547  0.002085  0.000274   0.09688   0.01346         0
     3/299     7.78G   0.09504     0.017         0     0.112        23       416   0.01682    0.2075  0.007527  0.001384   0.09197   0.01357         0
     4/299     7.78G   0.08892   0.01676         0    0.1057        24       416   0.03093    0.1321   0.01019  0.001753   0.08842   0.01352         0
     5/299     7.78G   0.08426   0.01773         0     0.102        30       416    0.1731    0.2453   0.09119   0.02046   0.08252   0.01403         0
     6/299     7.78G   0.07825   0.01729         0   0.09555        23       416    0.1935    0.3302    0.1496   0.03102   0.07654   0.01371         0
     7/299     7.78G   0.07605   0.01691         0   0.09296        29       416    0.2911    0.2547    0.1569   0.04273   0.07132    0.0146         0
     8/299     7.78G   0.07083   0.01601         0   0.08684        33       416    0.3138    0.3679    0.2284   0.06398     0.071   0.01347         0
     9/299     7.78G   0.06979   0.01568         0   0.08547        28       416    0.3546    0.3019     0.237   0.05941   0.06894   0.01326         0
    10/299     7.78G   0.06969   0.01452         0   0.08421        39       416    0.4966    0.3396    0.3125   0.09448    0.0676   0.01194         0
    11/299     7.78G    0.0686   0.01241         0   0.08101        19       416     0.366    0.4031    0.2922   0.06403   0.06847   0.01201         0
    12/299     7.78G    0.0646   0.01301         0   0.07761        14       416    0.5187    0.4811    0.4543    0.1446   0.06317   0.01099         0
    13/299     7.78G   0.06246   0.01385         0   0.07631        31       416    0.4339    0.5283    0.4023    0.1171    0.0646    0.0102         0
    14/299     7.78G   0.06431    0.0138         0   0.07811        42       416    0.5364    0.4057    0.3869    0.0942   0.06851   0.01179         0
    15/299     7.78G   0.06888   0.01209         0   0.08097        17       416    0.4102    0.4528    0.3459   0.09575   0.07437  0.009707         0
    16/299      7.8G   0.06649   0.01253         0   0.07902        26       416     0.487    0.5463    0.4282    0.1154   0.07215  0.009521         0
    17/299      7.8G   0.07121   0.01165         0   0.08285        23       416    0.3986     0.434    0.3572   0.09645   0.07233  0.009522         0
    18/299      7.8G   0.06321   0.01258         0   0.07579        23       416    0.4321    0.3585    0.3478   0.08312   0.06628   0.01004         0
    19/299      7.8G   0.06382   0.01179         0   0.07562        20       416    0.6092    0.5849    0.5789    0.1827   0.06055   0.01058         0
    20/299      7.8G     0.059   0.01178         0   0.07078        22       416    0.6275    0.5472    0.5405    0.1612   0.05832   0.01059         0
    21/299      7.8G   0.06029   0.01145         0   0.07175        33       416     0.712    0.5366     0.556    0.1853   0.06145   0.01059         0
    22/299      7.8G   0.06008   0.01213         0   0.07221        28       416    0.4722    0.5755    0.5031    0.1608   0.06524  0.009499         0
    23/299      7.8G   0.05862   0.01169         0   0.07031        13       416    0.7515    0.6038     0.595    0.2251   0.05561    0.0107         0
    24/299      7.8G   0.05721    0.0117         0   0.06891        27       416    0.5362    0.6217    0.5498     0.179   0.05663   0.01026         0
    25/299      7.8G   0.05848   0.01191         0   0.07039        40       416    0.4884    0.6034    0.4894    0.1313   0.06229  0.009422         0
    26/299      7.8G   0.05574    0.0105         0   0.06624        26       416    0.5168    0.7164    0.5922    0.1957   0.05557  0.009913         0
    27/299      7.8G   0.06031   0.01093         0   0.07124        30       416    0.5873    0.6578    0.6141    0.2401    0.0538   0.01004         0
    28/299      7.8G    0.0605   0.01056         0   0.07106        29       416    0.5358    0.6226    0.5451    0.1541   0.06034  0.009955         0
    29/299      7.8G   0.05524   0.01043         0   0.06567        21       416    0.5347    0.6321    0.5756     0.207   0.05649  0.009762         0
    30/299      7.8G   0.05434   0.01058         0   0.06493        28       416    0.5786    0.6698    0.5966    0.1618   0.06249  0.009297         0
    31/299      7.8G   0.05731   0.01075         0   0.06806        39       416    0.8044    0.6604     0.716    0.2819   0.05752   0.01001         0
    32/299      7.8G   0.05554  0.009977         0   0.06551        22       416     0.451    0.7075    0.5496    0.1711   0.05313   0.01046         0
    33/299      7.8G     0.055   0.01144         0   0.06644        32       416    0.7543    0.6698    0.6988    0.2587   0.05672  0.009659         0
    34/299      7.8G   0.05532   0.01198         0    0.0673        45       416    0.5944    0.6509    0.6297    0.2406   0.05441  0.009667         0
    35/299      7.8G   0.05187      0.01         0   0.06188        29       416    0.7372    0.6881    0.7332    0.2971   0.05438  0.009465         0
    36/299      7.8G   0.04706   0.01026         0   0.05732        50       416    0.6725    0.6975    0.7094    0.2617   0.05279  0.009324         0
    37/299      7.8G   0.05021   0.01094         0   0.06115        23       416    0.7256    0.6509     0.638    0.2391   0.05725  0.009213         0
    38/299      7.8G   0.04958   0.01005         0   0.05963        33       416    0.7514    0.7736    0.7353    0.2975    0.0512  0.009114         0
    39/299      7.8G   0.05043  0.009537         0   0.05997        34       416    0.8517    0.7075    0.7276    0.2507   0.05552  0.009074         0
    40/299      7.8G   0.04936  0.008606         0   0.05796         7       416    0.7777    0.6601    0.7273     0.255   0.05461  0.008994         0
    41/299      7.8G   0.05007  0.008924         0   0.05899        25       416    0.6384    0.7827    0.7064    0.2769   0.04979  0.009369         0
    42/299      7.8G    0.0457   0.01025         0   0.05595        43       416    0.8124    0.7356    0.7732    0.2741   0.05422    0.0087         0
    43/299      7.8G    0.0503      0.01         0    0.0603        26       416    0.8586    0.7449    0.7836    0.3188   0.04754  0.008994         0
    44/299      7.8G   0.04376  0.009634         0   0.05339        21       416    0.7326    0.6979    0.6949    0.2359   0.05222   0.00925         0
    45/299      7.8G   0.04577   0.01064         0    0.0564        32       416    0.8155    0.6792    0.7449    0.3022   0.05399  0.009521         0
    46/299      7.8G   0.05269   0.00907         0   0.06176        18       416    0.6987    0.7439     0.697    0.2222   0.05821  0.008991         0
    47/299      7.8G    0.0548  0.009597         0    0.0644        30       416    0.6666    0.7167    0.7173    0.2909   0.05095  0.009436         0
    48/299      7.8G   0.05177  0.009804         0   0.06158        35       416    0.7662    0.5566    0.6875    0.2561   0.05237  0.009879         0
    49/299      7.8G   0.05116  0.008833         0      0.06        23       416    0.7259    0.5755    0.6404    0.2928   0.05194   0.01126         0
    50/299      7.8G   0.04564  0.008635         0   0.05428        46       416    0.7424     0.707    0.6805    0.2225   0.05361   0.01081         0
    51/299      7.8G   0.04615  0.009029         0   0.05518        25       416    0.8071    0.6314    0.6955    0.2677   0.05183  0.009775         0
    52/299      7.8G   0.05306  0.009303         0   0.06236        43       416    0.6987    0.6792    0.7326    0.2552   0.04918  0.009635         0
    53/299      7.8G   0.05078   0.00976         0   0.06054        29       416    0.8433    0.6601    0.7557    0.2652   0.05516  0.009637         0
    54/299      7.8G    0.0476   0.00889         0   0.05649        32       416    0.8313    0.7453     0.789    0.3202   0.04866  0.009844         0
    55/299      7.8G   0.04697  0.008474         0   0.05545        22       416    0.8406    0.6509    0.7749    0.3327   0.04855  0.009314         0
    56/299      7.8G   0.04137  0.009922         0   0.05129        39       416    0.8669    0.6792    0.7971    0.3398   0.04673  0.009565         0
    57/299      7.8G   0.04202  0.009391         0   0.05141        21       416    0.8807    0.6967    0.8081    0.3055    0.0505  0.009572         0
    58/299      7.8G   0.04631  0.009609         0   0.05592        36       416    0.8054     0.783    0.8001    0.3331   0.04787  0.009627         0
    59/299      7.8G    0.0471  0.009779         0   0.05688        22       416    0.7196    0.7262    0.7516    0.2462   0.05296  0.009531         0
    60/299      7.8G   0.05005  0.008261         0   0.05831        23       416       0.8    0.6415    0.7281    0.2861   0.05185      0.01         0
    61/299      7.8G   0.04332  0.008169         0   0.05149        25       416     0.868    0.7445    0.7841    0.3477   0.04679  0.009616         0
    62/299      7.8G   0.04058  0.008586         0   0.04917        17       416    0.7651    0.6226      0.69    0.2746   0.05515  0.009945         0
    63/299      7.8G   0.04553  0.008486         0   0.05402        29       416    0.8972    0.7453    0.7998    0.3237   0.05136  0.009816         0
    64/299      7.8G   0.04485   0.00982         0   0.05467        33       416    0.8333    0.7073    0.7666    0.3323   0.04556   0.01059         0
    65/299      7.8G   0.04049  0.008395         0   0.04888        40       416    0.7417    0.6509    0.6804    0.2601   0.05316   0.01062         0
    66/299      7.8G    0.0403   0.01005         0   0.05036        57       416    0.7722    0.7075    0.7466    0.3034   0.04731   0.01176         0
    67/299      7.8G   0.03855  0.009021         0   0.04757        42       416    0.8379    0.7358    0.7591    0.3367   0.04904   0.01013         0
    68/299      7.8G   0.03919   0.00773         0   0.04692        27       416    0.8452    0.6696    0.7427    0.3399   0.04657  0.009978         0
    69/299      7.8G   0.03984  0.008761         0    0.0486        35       416    0.7691    0.7543    0.7187    0.2966   0.05314  0.009509         0
    70/299      7.8G   0.03729  0.009003         0   0.04629        23       416    0.8261    0.7169     0.731    0.3198      0.05  0.009423         0
    71/299      7.8G   0.03872  0.008728         0   0.04745        33       416    0.8131    0.6979    0.7135    0.2958    0.0515  0.009605         0
    72/299      7.8G   0.03908  0.007929         0   0.04701        39       416    0.8999    0.7642    0.8099    0.3641   0.04542  0.009009         0
    73/299      7.8G   0.03975  0.007736         0   0.04749        33       416     0.845    0.5377     0.629    0.3007   0.04879    0.0136         0
    74/299      7.8G   0.03766  0.009046         0    0.0467        32       416    0.7584    0.5943    0.6481    0.2978    0.0474   0.01223         0
    75/299      7.8G   0.03886  0.008629         0   0.04749        24       416     0.904    0.5377    0.6578    0.2966   0.04831   0.01221         0
    76/299      7.8G   0.03936  0.009206         0   0.04857        35       416    0.8131    0.6981    0.7558    0.2645   0.05267  0.009703         0
    77/299      7.8G   0.04021   0.00875         0   0.04896        21       416       0.9    0.6791    0.7647    0.2998   0.05064  0.009777         0
    78/299      7.8G   0.03723   0.00821         0   0.04544        39       416    0.8888    0.6785     0.762    0.3437    0.0498  0.009624         0
    79/299      7.8G   0.04143  0.009778         0   0.05121        37       416    0.8941    0.7166     0.756    0.3452   0.04903  0.009285         0
    80/299      7.8G   0.04057   0.00851         0   0.04908        44       416    0.8897    0.6887    0.7487    0.3654   0.04632  0.009783         0
    81/299      7.8G   0.03802  0.009363         0   0.04738        33       416    0.8553    0.7264    0.7574    0.3445   0.04789  0.009983         0
    82/299      7.8G   0.03656  0.007498         0   0.04406        24       416    0.7309    0.6415    0.6187    0.2306   0.05855   0.01023         0
    83/299      7.8G   0.04516  0.007795         0   0.05296        35       416    0.6514    0.4057    0.4223    0.1562   0.07027   0.01059         0
    84/299      7.8G   0.04511  0.009467         0   0.05458        22       416    0.8234    0.7916    0.8228    0.3872   0.04748  0.009733         0
    85/299      7.8G   0.03778   0.00844         0   0.04622        27       416    0.7027    0.6691    0.7087    0.2893   0.04772   0.01043         0
    86/299      7.8G   0.03498  0.009374         0   0.04436        37       416    0.8503    0.6981    0.7614    0.3717   0.04302   0.01108         0
    87/299      7.8G   0.03978  0.008273         0   0.04806        29       416    0.7525    0.6887    0.7329    0.3212   0.04708   0.01072         0
    88/299      7.8G   0.03805  0.008893         0   0.04695        33       416    0.7465    0.6132    0.6944    0.3499    0.0479   0.01024         0
    89/299      7.8G   0.03852  0.008724         0   0.04724        37       416    0.8536     0.717    0.7663    0.3027   0.04709   0.01013         0
    90/299      7.8G   0.04021  0.008403         0   0.04861        32       416    0.8423    0.7075    0.7668    0.3424   0.04602   0.01055         0
    91/299      7.8G   0.03683  0.008282         0   0.04511        25       416    0.7999    0.7547    0.7324    0.3031   0.04722   0.01089         0
    92/299      7.8G   0.04044  0.009701         0   0.05014        54       416    0.8651    0.7261    0.7814    0.2988   0.04973   0.01016         0
    93/299      7.8G   0.03497  0.008123         0    0.0431        23       416    0.8504    0.6981    0.7264    0.3052   0.05006   0.01053         0
    94/299      7.8G   0.03605  0.008463         0   0.04451        38       416    0.8806    0.5564       0.6    0.2856   0.04923   0.01485         0
    95/299      7.8G   0.03857  0.008508         0   0.04707        31       416    0.6997    0.6226    0.6244    0.2587   0.04958   0.01374         0
    96/299      7.8G   0.04057  0.009549         0   0.05012        38       416    0.8731    0.6509    0.7427    0.2958   0.04717   0.01079         0
    97/299      7.8G   0.03712  0.008807         0   0.04593        46       416    0.9069    0.6509    0.7776    0.3586   0.04751   0.01063         0
    98/299      7.8G   0.03409  0.008908         0     0.043        26       416    0.7473    0.6695    0.7035    0.3231   0.04728   0.01202         0
    99/299      7.8G   0.03775  0.008635         0   0.04639        24       416    0.7849    0.6887    0.7368    0.3403   0.04794   0.01137         0
   100/299      7.8G   0.03713   0.00857         0    0.0457        37       416    0.8902    0.6883    0.7762    0.3866    0.0452   0.01062         0
   101/299      7.8G   0.03284  0.008483         0   0.04133        32       416    0.7548    0.7264    0.7295     0.355   0.04675   0.01068         0
   102/299      7.8G   0.03548  0.008257         0   0.04374        37       416    0.9221    0.6697    0.8017    0.3814   0.04502   0.01026         0
   103/299      7.8G   0.03828  0.008444         0   0.04672        41       416    0.8254     0.717    0.7579    0.3546   0.04624  0.009872         0
   104/299      7.8G   0.03565   0.00791         0   0.04356        31       416       0.9    0.6791    0.7639    0.3798   0.04641  0.009855         0
   105/299      7.8G   0.03278  0.008344         0   0.04112        45       416    0.8111    0.6886     0.761    0.3682    0.0465   0.01032         0
   106/299      7.8G   0.03286  0.008107         0   0.04097        20       416    0.8536     0.717    0.7774    0.3646   0.04727   0.01127         0
   107/299      7.8G   0.03489  0.007683         0   0.04257        32       416    0.8835     0.717    0.7821    0.3731   0.04484   0.01117         0
   108/299      7.8G   0.03146  0.008359         0   0.03982        35       416    0.7872    0.6979    0.7524    0.3727   0.04518   0.01032         0
   109/299      7.8G    0.0313  0.008107         0   0.03941        40       416    0.8946    0.6509    0.7836    0.3473   0.04811   0.01034         0
   110/299      7.8G   0.03437  0.007599         0   0.04197        12       416    0.8368    0.7258    0.7744    0.3688   0.04661    0.0107         0
   111/299      7.8G   0.03058  0.007521         0    0.0381        38       416    0.8831    0.6415    0.7315    0.3472   0.04545   0.01154         0
   112/299      7.8G   0.03258  0.007329         0   0.03991        27       416    0.7493    0.5943    0.6485    0.3114    0.0491   0.01274         0
   113/299      7.8G   0.03118  0.008134         0   0.03932        33       416    0.7659    0.6791    0.7165    0.3362   0.04566   0.01134         0
   114/299      7.8G   0.03365   0.00799         0   0.04164        30       416    0.8175    0.6792     0.732    0.3623    0.0426    0.0113         0
   115/299      7.8G   0.03043  0.007888         0   0.03831        31       416    0.8683    0.6226    0.7107    0.3557   0.04258   0.01194         0
   116/299      7.8G   0.03533   0.00818         0   0.04351        36       416    0.7957    0.6981     0.768    0.3761   0.04254   0.01116         0
   117/299      7.8G   0.03509  0.007317         0   0.04241        33       416    0.8636    0.7166    0.8044    0.3931   0.04152   0.01129         0
   118/299      7.8G    0.0301  0.007786         0   0.03788        41       416    0.7613     0.783    0.7864    0.3809   0.04372   0.01064         0
   119/299      7.8G   0.03209  0.007443         0   0.03954        28       416    0.8525    0.7642    0.8134    0.3688   0.04251   0.01044         0
   120/299      7.8G    0.0308  0.006599         0    0.0374        30       416    0.7622    0.7264    0.7578    0.3536   0.04442   0.01088         0
   121/299      7.8G   0.02935  0.007015         0   0.03636        28       416    0.8333    0.6602    0.7658    0.3463   0.04616   0.01034         0
   122/299      7.8G   0.02941   0.00723         0   0.03664        26       416    0.8215     0.783    0.8246    0.4162   0.04183  0.009695         0
   123/299      7.8G   0.03056  0.006965         0   0.03752        22       416    0.8251    0.8019    0.8407    0.4155   0.04266  0.009922         0
   124/299      7.8G   0.03307  0.007721         0   0.04079        44       416    0.8925     0.783    0.8341    0.3909   0.04372   0.01014         0
   125/299      7.8G   0.02874  0.007641         0   0.03638        27       416    0.8383     0.783     0.806    0.4143   0.04226   0.01048         0
   126/299      7.8G   0.02848  0.006134         0   0.03462        32       416    0.8295    0.6885    0.7649    0.3898   0.04331   0.01118         0
   127/299      7.8G   0.03138  0.006821         0    0.0382        37       416    0.8876    0.7452    0.8017    0.4104   0.04104   0.01118         0
   128/299      7.8G   0.03388  0.008005         0   0.04188        35       416    0.8251    0.8013    0.7831    0.3741   0.04624   0.01185         0
   129/299      7.8G   0.03032  0.006316         0   0.03663        17       416    0.7156    0.6409    0.6622    0.3293   0.04818   0.01264         0
   130/299      7.8G   0.02904  0.006268         0   0.03531        21       416    0.8409    0.6979    0.7543     0.378   0.04645   0.01039         0
   131/299      7.8G   0.02944   0.00685         0   0.03629        40       416      0.81    0.7641     0.805    0.3822    0.0444   0.01062         0
   132/299      7.8G    0.0304   0.00827         0   0.03867        38       416    0.8151    0.7075    0.7772    0.3512   0.04643    0.0106         0
   133/299      7.8G    0.0283  0.007495         0   0.03579        19       416    0.8351    0.7167    0.7603    0.3561   0.04695   0.01007         0
   134/299      7.8G   0.02777  0.007505         0   0.03527        43       416    0.7545    0.7828    0.8067    0.3748   0.04636   0.01093         0
   135/299      7.8G   0.02709  0.006908         0     0.034        29       416    0.7898    0.7453    0.7672    0.3504   0.04733   0.01148         0
   136/299      7.8G    0.0261   0.00664         0   0.03274        14       416     0.878    0.6792    0.7804     0.349   0.04695   0.01166         0
   137/299      7.8G   0.02652  0.007182         0    0.0337        21       416    0.8207    0.6509    0.7314    0.3412   0.04835   0.01193         0
   138/299      7.8G   0.02809   0.00708         0   0.03517        49       416     0.843    0.6698    0.7672    0.3936    0.0449   0.01149         0
   139/299      7.8G   0.02624  0.006793         0   0.03304        37       416    0.8333    0.7074    0.7917    0.3933   0.04357   0.01115         0
   140/299      7.8G   0.02774  0.006693         0   0.03444        23       416    0.7941    0.8004    0.8223    0.3974   0.04242   0.01085         0
   141/299      7.8G   0.02504  0.006452         0   0.03149        29       416    0.8182    0.7641    0.8044    0.4059   0.04164   0.01062         0
   142/299      7.8G   0.02979  0.006955         0   0.03674        39       416    0.7545    0.7547    0.7808     0.406    0.0424   0.01221         0
   143/299      7.8G   0.02678  0.006739         0   0.03352        21       416     0.789    0.7075    0.7479    0.3945    0.0437   0.01245         0
   144/299      7.8G   0.02733  0.007238         0   0.03457        48       416    0.8279    0.7264    0.7879    0.4039   0.04102   0.01162         0
   145/299      7.8G   0.02537  0.007013         0   0.03239        33       416    0.8936    0.7924    0.8206    0.3985   0.04134   0.01053         0
   146/299      7.8G   0.02476  0.005895         0   0.03065        25       416    0.8321    0.7642    0.8086    0.3752   0.04245   0.01122         0
   147/299      7.8G    0.0282  0.006749         0   0.03495        25       416    0.8019    0.6887    0.7116    0.3582   0.04522   0.01362         0
   148/299      7.8G   0.02667  0.006882         0   0.03355        32       416    0.7708    0.6981    0.7233    0.3553   0.04845   0.01314         0
   149/299      7.8G   0.02629  0.006354         0   0.03264        42       416    0.8113    0.8112    0.8179    0.4013   0.04193   0.01116         0
   150/299      7.8G   0.02714  0.006521         0   0.03366        27       416    0.8649    0.7247    0.8135    0.4249   0.03994    0.0111         0
   151/299      7.8G   0.02614  0.005817         0   0.03196        30       416    0.8928    0.7075     0.795    0.4025   0.04054   0.01134         0
   152/299      7.8G   0.02689  0.007113         0   0.03401        42       416    0.8019    0.8018    0.8136    0.3925   0.04312   0.01144         0
   153/299      7.8G   0.02357  0.006303         0   0.02987        26       416    0.8433    0.7642    0.8119    0.3759   0.04373   0.01167         0
   154/299      7.8G   0.02443  0.005783         0   0.03021        25       416    0.8297    0.7356    0.7999     0.379   0.04279   0.01188         0
   155/299      7.8G   0.02518  0.006297         0   0.03147        25       416    0.9144    0.7075    0.8097     0.387   0.04216   0.01243         0
   156/299      7.8G   0.02354  0.006218         0   0.02976        34       416     0.962     0.717    0.8183    0.3963   0.04354   0.01199         0
   157/299      7.8G   0.02376  0.006374         0   0.03014        20       416    0.9156     0.717    0.8159    0.3941   0.04468   0.01165         0
   158/299      7.8G   0.02305   0.00539         0   0.02844        25       416    0.9286    0.7356    0.8397    0.4076   0.04224   0.01132         0
   159/299      7.8G   0.02592    0.0062         0   0.03212        30       416    0.9277    0.7264    0.8356    0.4088   0.04145   0.01123         0
   160/299      7.8G   0.02491  0.006177         0   0.03108        17       416    0.8946    0.8019     0.829    0.4128   0.04061    0.0116         0
   161/299      7.8G   0.02299  0.005735         0   0.02873        15       416    0.8437     0.764    0.7994    0.4209   0.04017   0.01148         0
   162/299      7.8G   0.02445  0.006275         0   0.03073        33       416    0.8614    0.7642    0.8006    0.4092   0.04145   0.01132         0
   163/299      7.8G   0.02265  0.005712         0   0.02836        28       416     0.825    0.8019     0.797     0.428   0.04038   0.01126         0
   164/299      7.8G    0.0223  0.005962         0   0.02826        30       416    0.8267    0.8098       0.8    0.3918   0.04189   0.01162         0
   165/299      7.8G   0.02136  0.005471         0   0.02683        36       416    0.8595    0.8113    0.8185    0.4045    0.0421   0.01153         0
   166/299      7.8G   0.02267  0.006076         0   0.02874        33       416     0.901    0.7736    0.8244     0.422   0.04061   0.01148         0
   167/299      7.8G   0.02259  0.005206         0    0.0278        17       416     0.875    0.7922     0.837    0.4147   0.04057   0.01166         0
   168/299      7.8G   0.02415  0.005351         0    0.0295        30       416    0.8396    0.8394    0.8504    0.4253   0.04055   0.01188         0
   169/299      7.8G   0.02326  0.005725         0   0.02898        23       416    0.8659     0.792    0.8522    0.4317   0.04045   0.01186         0
   170/299      7.8G   0.02193  0.005385         0   0.02732        20       416    0.8207    0.8206    0.8416    0.4263   0.04072   0.01164         0
   171/299      7.8G   0.02272  0.006314         0   0.02903        32       416    0.8415    0.8014    0.8319     0.423   0.04071   0.01121         0
   172/299      7.8G   0.02241  0.005893         0    0.0283        20       416    0.8529    0.8208    0.8445    0.4168   0.04093   0.01108         0
   173/299      7.8G   0.02107  0.005977         0   0.02704        28       416    0.8725    0.8393    0.8595    0.4195   0.04125   0.01113         0
   174/299      7.8G   0.02373  0.005692         0   0.02942        36       416    0.8484    0.7922    0.8229    0.4221   0.04216   0.01179         0
   175/299      7.8G   0.02398  0.005309         0   0.02929        32       416    0.8327    0.7547    0.7817    0.4107   0.04266   0.01247         0
   176/299      7.8G   0.02403  0.005647         0   0.02968        34       416    0.7862    0.8019    0.8156    0.4052   0.04389   0.01226         0
   177/299      7.8G   0.02492  0.007183         0   0.03211        31       416    0.8526    0.7641    0.7929    0.4088    0.0435   0.01171         0
   178/299      7.8G   0.02258  0.005473         0   0.02806        28       416    0.8499    0.8019     0.823    0.4149   0.04186   0.01148         0
   179/299      7.8G   0.02271  0.005815         0   0.02853        31       416    0.8233    0.7925    0.8045    0.3975   0.04185   0.01152         0
   180/299      7.8G   0.02413  0.006069         0    0.0302        36       416    0.8495    0.7452    0.7815    0.3906   0.04149    0.0117         0
   181/299      7.8G   0.02127  0.005668         0   0.02694        30       416    0.8053    0.7804    0.7903    0.4018   0.04214   0.01184         0
   182/299      7.8G   0.02029    0.0062         0   0.02648        37       416    0.8694    0.7547    0.8005    0.4014   0.04316    0.0118         0
   183/299      7.8G   0.02192  0.005127         0   0.02705        18       416    0.8437    0.7641    0.8013    0.3921   0.04326   0.01187         0
   184/299      7.8G   0.02121  0.005395         0   0.02661        37       416    0.8418    0.7547    0.8029    0.4014   0.04227   0.01264         0
   185/299      7.8G   0.02057  0.005318         0   0.02589        21       416    0.8384     0.783    0.8193    0.3949   0.04369   0.01273         0
   186/299      7.8G   0.02086  0.006265         0   0.02712        57       416    0.8658    0.7925    0.8337    0.4126   0.04163   0.01279         0
   187/299      7.8G   0.01905  0.005122         0   0.02417        26       416    0.8481    0.7925     0.813    0.4129   0.04159   0.01276         0
   188/299      7.8G   0.02125  0.005577         0   0.02682        24       416    0.8709    0.7642    0.8076    0.4127   0.04352   0.01272         0
   189/299      7.8G   0.01942  0.005892         0   0.02531        25       416    0.8413    0.8019      0.82    0.4087   0.04552   0.01214         0
   190/299      7.8G   0.01992  0.005619         0   0.02554        38       416    0.8748    0.7925    0.8385    0.4024   0.04606   0.01262         0
   191/299      7.8G    0.0212  0.004909         0   0.02611        30       416    0.9282    0.7453    0.8276    0.4061   0.04489   0.01274         0
   192/299      7.8G   0.02114  0.005506         0   0.02665        21       416    0.8585    0.8012    0.8286     0.426   0.04382   0.01303         0
   193/299      7.8G   0.01985  0.005914         0   0.02576        31       416    0.8876    0.7453    0.8041    0.4172   0.04314   0.01294         0
   194/299      7.8G   0.01928  0.005355         0   0.02464        32       416    0.8944    0.8019    0.8259    0.4199   0.04256   0.01284         0
   195/299      7.8G    0.0212  0.005567         0   0.02676        34       416    0.8839    0.7925    0.8278    0.4099   0.04239   0.01292         0
   196/299      7.8G   0.02192  0.005292         0   0.02722        24       416    0.8865    0.8113    0.8348    0.4193   0.04225   0.01237         0
   197/299      7.8G    0.0203  0.005968         0   0.02627        34       416    0.9042    0.8019    0.8361    0.4198   0.04211   0.01167         0
   198/299      7.8G    0.0185  0.005282         0   0.02378        25       416    0.9091    0.7546     0.808     0.417   0.04234   0.01173         0
   199/299      7.8G   0.01931  0.005464         0   0.02477        43       416    0.9494    0.7075    0.8081    0.4258   0.04274   0.01283         0
   200/299      7.8G   0.01897  0.004915         0   0.02388        29       416    0.8778    0.7452     0.806    0.4129   0.04265    0.0134         0
   201/299      7.8G   0.01871  0.005479         0   0.02419        27       416    0.9184    0.7433    0.8284    0.3985   0.04232   0.01286         0
   202/299      7.8G   0.01856  0.005525         0   0.02408        38       416    0.8687    0.8112    0.8368    0.4047    0.0429   0.01217         0
   203/299      7.8G   0.01926  0.005601         0   0.02486        22       416    0.8786    0.8208    0.8441    0.4116   0.04214   0.01175         0
   204/299      7.8G   0.01816  0.004919         0   0.02308        45       416    0.8889      0.83    0.8506    0.4086   0.04244    0.0115         0
   205/299      7.8G   0.01968  0.005531         0   0.02521        40       416    0.8945    0.8019    0.8364     0.408   0.04267   0.01212         0
   206/299      7.8G   0.01707  0.005306         0   0.02238        31       416    0.8698    0.8208    0.8459    0.4122   0.04162   0.01272         0
   207/299      7.8G   0.01704  0.005046         0   0.02209        32       416    0.8787    0.8208    0.8512    0.4259   0.04081   0.01257         0
   208/299      7.8G   0.01945  0.005068         0   0.02452        16       416    0.8536    0.8302     0.848    0.4367    0.0409   0.01182         0
   209/299      7.8G   0.01824  0.004265         0   0.02251        26       416    0.8925     0.783    0.8078    0.4103   0.04236   0.01174         0
   210/299      7.8G   0.01951  0.004976         0   0.02449        25       416    0.8988    0.7547    0.8192    0.3958   0.04282   0.01183         0
   211/299      7.8G   0.01944   0.00577         0   0.02521        28       416    0.8165    0.8395     0.828    0.4227   0.04162   0.01147         0
   212/299      7.8G   0.01745  0.005599         0   0.02305        32       416    0.8528    0.8208    0.8237    0.4299   0.04181   0.01176         0
   213/299      7.8G    0.0189  0.005818         0   0.02471        38       416    0.8605    0.8208    0.8234    0.4282     0.042   0.01246         0
   214/299      7.8G   0.01795  0.005509         0   0.02346        30       416    0.8159    0.8019    0.7898    0.4266   0.04178   0.01304         0
   215/299      7.8G   0.01886  0.004775         0   0.02363        50       416    0.8467     0.783    0.8092    0.4335   0.04102   0.01301         0
   216/299      7.8G   0.01798  0.004774         0   0.02275        23       416    0.8367    0.7734    0.7902    0.4327   0.04091   0.01278         0
   217/299      7.8G   0.01743   0.00494         0   0.02237        40       416    0.8585    0.8016    0.8294    0.4333   0.04069   0.01226         0
   218/299      7.8G   0.01693  0.004411         0   0.02134        28       416     0.864    0.8393    0.8507    0.4284   0.04091    0.0119         0
   219/299      7.8G   0.01785  0.005137         0   0.02298        26       416    0.8125    0.8585      0.84    0.4276   0.04102   0.01196         0
   220/299      7.8G   0.01754  0.004499         0   0.02204        28       416    0.8601    0.8208    0.8571    0.4285   0.04084   0.01235         0
   221/299      7.8G   0.01685  0.004629         0   0.02147        26       416    0.8226    0.8396    0.8477     0.431   0.04017   0.01285         0
   222/299      7.8G    0.0172  0.005391         0   0.02259        25       416    0.8071    0.8287    0.8428    0.4355   0.04007   0.01311         0
   223/299      7.8G   0.01773  0.004816         0   0.02254        29       416    0.9282    0.7358    0.8538    0.4457   0.04006   0.01313         0
   224/299      7.8G   0.01633  0.004529         0   0.02085        29       416    0.8965    0.7358    0.8475    0.4446   0.04015   0.01345         0
   225/299      7.8G   0.01743  0.005032         0   0.02247        36       416    0.8315    0.7925    0.8415    0.4506   0.04006   0.01337         0
   226/299      7.8G   0.01745   0.00469         0   0.02214        17       416    0.8656    0.7925    0.8234    0.4409   0.03994   0.01354         0
   227/299      7.8G   0.01882  0.005202         0   0.02402        46       416    0.8379     0.783    0.8186    0.4427   0.04034   0.01323         0
   228/299      7.8G   0.01649   0.00532         0   0.02181        22       416    0.8428    0.8113    0.8227    0.4259   0.04134     0.013         0
   229/299      7.8G   0.01668  0.005081         0   0.02176        45       416    0.8719    0.7736    0.8123    0.4206   0.04294   0.01298         0
   230/299      7.8G   0.01811  0.005149         0   0.02326        24       416    0.8901    0.7642    0.8134     0.431   0.04238   0.01235         0
   231/299      7.8G   0.01711  0.004799         0   0.02191        25       416    0.8477    0.7358    0.7648    0.4139   0.04215   0.01267         0
   232/299      7.8G   0.01766  0.004913         0   0.02257        22       416    0.8553     0.783    0.8151    0.4231   0.04179   0.01261         0
   233/299      7.8G   0.01652   0.00446         0   0.02098        15       416    0.8912    0.7736      0.82    0.4278   0.04075   0.01274         0
   234/299      7.8G   0.01648  0.004415         0    0.0209        46       416    0.8936    0.7922    0.8062    0.4281   0.04097   0.01285         0
   235/299      7.8G   0.01585  0.004476         0   0.02033        43       416    0.8657    0.7907    0.8272    0.4319   0.04086   0.01328         0
   236/299      7.8G   0.01626   0.00472         0   0.02098        38       416    0.8259     0.783    0.8105    0.4346   0.04096   0.01354         0
   237/299      7.8G   0.01653   0.00512         0   0.02165        34       416    0.8217    0.7827    0.8181     0.424     0.041   0.01367         0
   238/299      7.8G   0.01643  0.004753         0   0.02118        34       416    0.8889    0.7547    0.8263    0.4417   0.04026   0.01314         0
   239/299      7.8G   0.01592  0.004881         0    0.0208        31       416    0.8876    0.7453    0.8067    0.4316   0.04017   0.01258         0
   240/299      7.8G   0.01614  0.004651         0   0.02079        38       416    0.8522    0.7642    0.8142    0.4443   0.04051   0.01264         0
   241/299      7.8G    0.0167   0.00426         0   0.02096        21       416    0.8639     0.783    0.8123    0.4393   0.04111   0.01276         0
   242/299      7.8G   0.01512  0.004921         0   0.02004        28       416    0.8842    0.7921    0.8251    0.4327   0.04129   0.01296         0
   243/299      7.8G   0.01522   0.00421         0   0.01943        23       416    0.8749     0.792    0.8126    0.4321   0.04214   0.01323         0
   244/299      7.8G   0.01467  0.003976         0   0.01865        40       416    0.8553     0.783    0.8033    0.4309   0.04209   0.01346         0
   245/299      7.8G   0.01654  0.004549         0   0.02109        27       416    0.8571    0.7925    0.8078    0.4208   0.04247   0.01311         0
   246/299      7.8G    0.0158  0.004414         0   0.02021        26       416     0.875    0.7924    0.8218    0.4369   0.04164   0.01252         0
   247/299      7.8G   0.01543  0.004868         0    0.0203        37       416    0.8446    0.8205    0.8355    0.4397   0.04109   0.01259         0
   248/299      7.8G   0.01604   0.00465         0   0.02069        21       416    0.9091    0.7547     0.828    0.4292   0.04146   0.01264         0
   249/299      7.8G   0.01604  0.004162         0    0.0202        21       416    0.8629    0.7736    0.7979    0.4213   0.04097   0.01291         0
   250/299      7.8G   0.01442  0.004636         0   0.01906        28       416    0.8282    0.7736    0.7873    0.4129   0.04092   0.01312         0
   251/299      7.8G   0.01472  0.004052         0   0.01878        17       416    0.8188    0.8102    0.8071    0.4218   0.04079   0.01304         0
   252/299      7.8G   0.01453  0.004382         0   0.01891        44       416     0.844    0.8208    0.8132    0.4313   0.04111   0.01324         0
   253/299      7.8G   0.01395  0.004491         0   0.01844        29       416    0.8923     0.783    0.8231    0.4308   0.04123   0.01336         0
   254/299      7.8G   0.01415  0.004373         0   0.01852        29       416    0.8817    0.7736    0.8128    0.4316    0.0417   0.01343         0
   255/299      7.8G   0.01529   0.00427         0   0.01956        36       416    0.8269    0.8113    0.8141    0.4316    0.0417   0.01328         0
   256/299      7.8G   0.01578  0.004735         0   0.02052        41       416    0.8687    0.8113    0.8301     0.434    0.0411   0.01304         0
   257/299      7.8G   0.01414  0.004463         0    0.0186        24       416    0.8544    0.8301    0.8409     0.441   0.04111   0.01269         0
   258/299      7.8G   0.01464  0.004627         0   0.01927        24       416    0.9529     0.764    0.8557    0.4358   0.04077   0.01235         0
   259/299      7.8G   0.01646  0.005348         0    0.0218        29       416    0.8842    0.7925    0.8299    0.4298   0.04078   0.01224         0
   260/299      7.8G   0.01562  0.005329         0   0.02095        20       416    0.8924     0.783    0.8221    0.4273   0.04026   0.01207         0
   261/299      7.8G   0.01551  0.004476         0   0.01999        28       416    0.8947    0.8018    0.8345    0.4267    0.0406   0.01209         0
   262/299      7.8G   0.01556  0.004786         0   0.02034        39       416    0.9213    0.7736    0.8414    0.4411   0.04029   0.01218         0
   263/299      7.8G   0.01527  0.004576         0   0.01984        39       416    0.9111    0.7735    0.8409    0.4439   0.03994   0.01232         0
   264/299      7.8G   0.01531  0.004187         0    0.0195        30       416    0.9021     0.783    0.8393    0.4393   0.04012   0.01231         0
   265/299      7.8G   0.01506  0.004486         0   0.01955        46       416    0.8854    0.8019    0.8409    0.4334   0.04107   0.01232         0
   266/299      7.8G   0.01427  0.004349         0   0.01861        23       416    0.8788    0.8207    0.8379    0.4278   0.04179   0.01252         0
   267/299      7.8G   0.01518  0.004272         0   0.01945        37       416    0.9062    0.8204    0.8364    0.4233   0.04208   0.01244         0
   268/299      7.8G     0.015  0.004758         0   0.01976        32       416    0.8965    0.8208    0.8457    0.4276   0.04153   0.01233         0
   269/299      7.8G   0.01501  0.004168         0   0.01918        24       416    0.8956    0.8113    0.8475    0.4383   0.04064   0.01218         0
   270/299      7.8G   0.01478  0.004477         0   0.01926        28       416    0.8954    0.8113     0.847    0.4424   0.04013   0.01237         0
   271/299      7.8G   0.01374  0.004716         0   0.01846        41       416    0.9059    0.8208    0.8393      0.44   0.04018   0.01248         0
   272/299      7.8G   0.01577  0.004163         0   0.01993        48       416    0.9149    0.8113    0.8331    0.4404   0.04028   0.01252         0
   273/299      7.8G   0.01433  0.004677         0   0.01901        29       416    0.8888    0.8302    0.8371    0.4433   0.04042   0.01267         0
   274/299      7.8G   0.01461  0.004344         0   0.01895        28       416    0.9156    0.8208    0.8354    0.4386    0.0409   0.01273         0
   275/299      7.8G   0.01392   0.00438         0    0.0183        25       416    0.9149    0.8113    0.8369    0.4367   0.04096   0.01278         0
   276/299      7.8G   0.01403  0.004063         0   0.01809        28       416    0.9062    0.8208    0.8392    0.4323   0.04169   0.01294         0
   277/299      7.8G   0.01481  0.004615         0   0.01942        24       416    0.8889    0.8299    0.8295    0.4334   0.04163   0.01298         0
   278/299      7.8G   0.01329  0.004334         0   0.01762        35       416    0.8866    0.8113    0.8229    0.4255   0.04184    0.0129         0
   279/299      7.8G   0.01496  0.004587         0   0.01955        44       416    0.8686    0.8113    0.8212    0.4258    0.0417   0.01278         0
   280/299      7.8G   0.01435  0.004489         0   0.01884        38       416    0.9021     0.783    0.8193    0.4239   0.04152    0.0128         0
   281/299      7.8G   0.01382  0.003752         0   0.01757        37       416    0.8656    0.7925    0.8102    0.4209   0.04126   0.01294         0
   282/299      7.8G   0.01502  0.004286         0   0.01931        27       416    0.9195    0.7546    0.8198    0.4275   0.04108   0.01296         0
   283/299      7.8G   0.01442  0.004396         0   0.01882        42       416    0.9022     0.783    0.8214    0.4249   0.04124   0.01304         0
   284/299      7.8G   0.01479  0.004209         0     0.019        22       416    0.8697    0.8208    0.8277    0.4269   0.04124   0.01297         0
   285/299      7.8G   0.01418  0.004132         0   0.01832        49       416     0.913    0.7924    0.8313    0.4258   0.04121   0.01299         0
   286/299      7.8G   0.01435  0.003643         0     0.018        19       416    0.9129    0.7925    0.8364    0.4288   0.04164   0.01303         0
   287/299      7.8G   0.01373  0.003978         0    0.0177        13       416    0.9042    0.8018     0.837    0.4293   0.04199   0.01311         0
   288/299      7.8G   0.01494  0.005341         0   0.02028        40       416    0.9222     0.783     0.845    0.4271    0.0425   0.01332         0
   289/299      7.8G   0.01415  0.004508         0   0.01866        42       416    0.9222     0.783    0.8503    0.4276    0.0424   0.01347         0
   290/299      7.8G   0.01225  0.003512         0   0.01576        22       416    0.9217     0.783    0.8307    0.4288    0.0423   0.01366         0
   291/299      7.8G   0.01381  0.004516         0   0.01833        33       416    0.9128    0.7925    0.8303    0.4309   0.04222   0.01347         0
   292/299      7.8G   0.01324  0.004067         0    0.0173        21       416    0.8584    0.8019     0.825    0.4216   0.04232   0.01323         0
   293/299      7.8G   0.01454  0.004662         0   0.01921        25       416      0.85    0.8018    0.8216    0.4268   0.04202    0.0132         0
   294/299      7.8G   0.01301  0.004016         0   0.01703        37       416    0.8657    0.7925    0.8139    0.4285   0.04182    0.0132         0
   295/299      7.8G   0.01334  0.003688         0   0.01703        17       416      0.85    0.8019    0.8183    0.4288   0.04168   0.01328         0
   296/299      7.8G   0.01389  0.004149         0   0.01804        40       416    0.9031    0.7925    0.8358    0.4393   0.04133   0.01322         0
   297/299      7.8G   0.01418  0.004353         0   0.01853        27       416    0.8544    0.8302    0.8456    0.4362   0.04147   0.01339         0
   298/299      7.8G   0.01324  0.004118         0   0.01736        29       416    0.9222     0.783    0.8454    0.4365   0.04165   0.01359         0
   299/299      7.8G   0.01353  0.004091         0   0.01763        25       416    0.9043    0.8018    0.8421    0.4267   0.04166   0.01348         0
