     0/299        2G    0.1081   0.01788         0     0.126        28       416  0.001331    0.2842  0.000391 7.289e-05   0.09905   0.01738         0
     1/299     6.35G    0.1059   0.01801         0    0.1239        29       416  0.001718    0.3579 0.0006258 0.0001012    0.0949   0.01435         0
     2/299      7.8G   0.09853   0.01613         0    0.1147        31       416  0.004869    0.1053  0.002576 0.0004463    0.0893   0.01405         0
     3/299      7.8G     0.094   0.01834         0    0.1123        32       416  0.005765    0.1474  0.002959 0.0004983   0.08878   0.01342         0
     4/299      7.8G   0.08938   0.01865         0     0.108        32       416   0.01423    0.1158  0.006801  0.001395   0.08218   0.01407         0
     5/299      7.8G   0.08617   0.01916         0    0.1053        32       416    0.1376    0.2211   0.07334    0.0159   0.07432   0.01464         0
     6/299      7.8G   0.08024   0.01913         0   0.09937        36       416    0.3019    0.2632    0.1903   0.03659    0.0723   0.01356         0
     7/299      7.8G   0.07421   0.01771         0   0.09192        24       416    0.2914    0.2947    0.1882   0.04615    0.0685   0.01303         0
     8/299      7.8G   0.07224   0.01586         0    0.0881        23       416    0.3775    0.4211    0.3037   0.07856    0.0688   0.01099         0
     9/299      7.8G   0.07193   0.01407         0     0.086        32       416    0.4936    0.5684    0.4939    0.1431   0.06366   0.01057         0
    10/299      7.8G   0.07143   0.01661         0   0.08804        45       416    0.4547    0.3774    0.3664   0.08862     0.064   0.01023         0
    11/299      7.8G   0.06672   0.01401         0   0.08073        23       416    0.4392    0.5158    0.4302    0.1196   0.06053   0.01112         0
    12/299      7.8G   0.06446   0.01399         0   0.07844        28       416    0.5119    0.4211    0.4185    0.1378   0.06402  0.009715         0
    13/299      7.8G   0.06198   0.01369         0   0.07567        31       416    0.4631    0.4632    0.3815    0.1062   0.06311  0.009388         0
    14/299      7.8G   0.05983   0.01406         0   0.07389        25       416    0.5426       0.6    0.5176    0.1766   0.05573  0.009978         0
    15/299      7.8G   0.07029     0.013         0   0.08329        31       416    0.5622     0.473    0.4653   0.09916   0.06199  0.009392         0
    16/299     7.81G   0.06415   0.01299         0   0.07714        35       416    0.4154    0.6211    0.5156     0.194    0.0611  0.009099         0
    17/299     7.81G   0.06558   0.01303         0   0.07861        36       416    0.5188    0.5684    0.4876    0.1239   0.06164  0.009028         0
    18/299     7.81G   0.06574   0.01272         0   0.07845        29       416    0.4848    0.6737    0.5903    0.1474   0.05913  0.008798         0
    19/299     7.81G   0.06181   0.01315         0   0.07496        36       416    0.6083    0.5789    0.6048    0.1668   0.05935  0.008222         0
    20/299     7.81G   0.06046   0.01223         0    0.0727        23       416      0.71    0.5474    0.6279    0.2228   0.05289  0.009073         0
    21/299     7.81G   0.06141   0.01363         0   0.07504        19       416    0.4713    0.6211    0.5293    0.1271   0.06017  0.008502         0
    22/299     7.81G   0.06226   0.01302         0   0.07529        34       416    0.6914     0.684    0.6634     0.256   0.04984   0.00896         0
    23/299     7.81G   0.05873   0.01278         0   0.07151        27       416    0.7332    0.6947    0.7296    0.2329   0.05143  0.008585         0
    24/299     7.81G   0.05943   0.01217         0    0.0716        26       416    0.6878    0.6725    0.6604    0.1956    0.0532  0.008835         0
    25/299     7.81G   0.05841   0.01298         0   0.07139        35       416    0.5924    0.6737    0.6146    0.1895   0.05352  0.008312         0
    26/299     7.81G   0.05574   0.01082         0   0.06656        31       416    0.5143    0.7579    0.6307    0.2289   0.05029  0.008639         0
    27/299     7.81G   0.06304   0.01176         0    0.0748        24       416     0.774    0.5047    0.6719    0.1877    0.0548  0.007628         0
    28/299     7.81G   0.06064   0.01082         0   0.07146        24       416    0.7125    0.6632    0.7254    0.2882   0.05112  0.008121         0
    29/299     7.81G   0.05355   0.01061         0   0.06416        22       416    0.6368    0.7263    0.7209      0.26    0.0508   0.00777         0
    30/299     7.81G   0.05783   0.01063         0   0.06847        19       416    0.5332    0.7579    0.6456    0.2574   0.04713  0.008167         0
    31/299     7.81G   0.05559   0.01189         0   0.06748        18       416    0.5265    0.6203    0.5185    0.1855   0.05179  0.007895         0
    32/299     7.81G   0.05645   0.01056         0   0.06701        29       416    0.7126    0.6524    0.7045    0.2236   0.04904  0.007938         0
    33/299     7.81G   0.05451    0.0121         0   0.06661        30       416      0.63    0.7895    0.7173     0.258    0.0482  0.007455         0
    34/299     7.81G   0.05169   0.01131         0     0.063        36       416    0.6899    0.6632    0.6901    0.2485   0.05011  0.007539         0
    35/299     7.81G   0.05756   0.01034         0    0.0679        25       416    0.5675    0.7053    0.6512    0.1866   0.05261  0.008326         0
    36/299     7.81G   0.05456   0.01009         0   0.06466        27       416     0.652    0.6737    0.7012    0.2574   0.04904  0.008027         0
    37/299     7.81G   0.05232   0.01109         0   0.06342        31       416    0.7658    0.7573    0.7824    0.3167   0.04619  0.007801         0
    38/299     7.81G   0.04913   0.01112         0   0.06024        32       416    0.8234    0.7368    0.7762    0.3226   0.04558  0.007784         0
    39/299     7.81G   0.05292   0.01004         0   0.06296        37       416    0.7803     0.673     0.721    0.2701   0.04858  0.008824         0
    40/299     7.81G   0.04902   0.01075         0   0.05977        28       416    0.7756    0.6947    0.7338    0.3045   0.04353  0.008294         0
    41/299     7.81G   0.04672   0.01107         0   0.05778        34       416    0.7354    0.6526     0.708    0.2261   0.04836  0.007627         0
    42/299     7.81G   0.04952  0.009395         0   0.05892        19       416    0.7443    0.7053    0.7573    0.3272   0.04537    0.0072         0
    43/299     7.81G   0.05274   0.01042         0   0.06315        21       416    0.7714    0.7474    0.7665    0.2973   0.04575   0.00773         0
    44/299     7.81G     0.047   0.01039         0   0.05738        36       416    0.6017    0.5884    0.5421      0.16   0.05705   0.00708         0
    45/299     7.81G   0.04864   0.01003         0   0.05868        28       416       0.6    0.6947    0.6494    0.1412   0.05377  0.007374         0
    46/299     7.81G   0.05866  0.009908         0   0.06856        20       416    0.6607    0.7053    0.7069    0.2793    0.0496  0.007124         0
    47/299     7.81G   0.05253   0.01044         0   0.06297        31       416    0.6987    0.6101    0.6101    0.1809   0.05573  0.007838         0
    48/299     7.81G   0.05303   0.00903         0   0.06206        25       416    0.7202    0.7044    0.6984    0.2678   0.04821  0.007826         0
    49/299     7.81G   0.04821  0.009566         0   0.05777        25       416    0.7864    0.6202    0.6863    0.2675   0.04464  0.007472         0
    50/299     7.81G   0.04771  0.009119         0   0.05683        41       416     0.731    0.6632    0.7245    0.2586   0.04351  0.007914         0
    51/299     7.81G   0.05049  0.009577         0   0.06007        26       416    0.7325    0.7781     0.778     0.278   0.04714  0.007847         0
    52/299     7.81G    0.0488  0.009153         0   0.05796        25       416    0.8095    0.7156    0.7839     0.322   0.04534  0.008151         0
    53/299     7.81G   0.04758   0.01001         0    0.0576        34       416    0.9146    0.6842    0.8266    0.3567   0.04358  0.007566         0
    54/299     7.81G   0.04328  0.009066         0   0.05235        22       416    0.7996    0.7158    0.7749    0.2925    0.0463  0.007709         0
    55/299     7.81G   0.04833  0.009822         0   0.05815        24       416    0.8414    0.7263    0.7944    0.2781   0.04749  0.007546         0
    56/299     7.81G   0.04968  0.009015         0    0.0587        33       416      0.78    0.7474    0.7551    0.3004   0.04695  0.007333         0
    57/299     7.81G   0.04691  0.008155         0   0.05507        24       416     0.829    0.7158    0.7656    0.3369   0.04341  0.008609         0
    58/299     7.81G   0.04203   0.01015         0   0.05218        29       416    0.7374       0.8    0.8209     0.381   0.04625  0.007745         0
    59/299     7.81G   0.04258  0.009727         0    0.0523        29       416    0.7891    0.7895    0.8271    0.3531   0.04453  0.007142         0
    60/299     7.81G   0.04169  0.009259         0   0.05095        26       416    0.8539    0.7999     0.814    0.3591   0.04242  0.007489         0
    61/299     7.81G   0.03995  0.008736         0   0.04869        25       416    0.8658    0.7472    0.7835    0.3468   0.04366  0.007834         0
    62/299     7.81G   0.04464   0.01074         0   0.05538        40       416    0.8867    0.6632    0.7384    0.2924   0.04562  0.008007         0
    63/299     7.81G   0.04262  0.008838         0   0.05146        25       416    0.8032    0.6947    0.7221    0.2853   0.04942  0.008365         0
    64/299     7.81G   0.04365  0.009236         0   0.05288        24       416    0.7255    0.7789    0.7564     0.266   0.04932  0.007753         0
    65/299     7.81G    0.0461  0.008647         0   0.05474        31       416    0.8292    0.7158    0.7704    0.3175   0.04382  0.008441         0
    66/299     7.81G    0.0429   0.01031         0   0.05321        31       416    0.8599    0.7789    0.8322    0.3717    0.0424  0.007732         0
    67/299     7.81G   0.03944  0.008426         0   0.04787        27       416    0.8268    0.7053    0.7655    0.3328   0.04462  0.008032         0
    68/299     7.81G   0.04171  0.008436         0   0.05015        33       416    0.7384    0.6842     0.708    0.2626    0.0477  0.008986         0
    69/299     7.81G   0.03883  0.008853         0   0.04768        18       416    0.7366    0.7684    0.7558    0.3144   0.04384  0.008138         0
    70/299     7.81G   0.04034  0.009675         0   0.05001        35       416    0.7394    0.7474    0.7312    0.3213   0.04588  0.008531         0
    71/299     7.81G   0.03888   0.01002         0    0.0489        35       416    0.7954    0.7368    0.7299    0.3293   0.04176  0.008368         0
    72/299     7.81G   0.03472  0.008829         0   0.04355        30       416    0.8715    0.7158    0.7588    0.3447   0.04142  0.008532         0
    73/299     7.81G   0.03831  0.008633         0   0.04695        31       416    0.8427    0.7893    0.8103    0.3443   0.04413  0.008049         0
    74/299     7.81G   0.03886  0.008874         0   0.04774        30       416    0.8721    0.7893    0.8546    0.3991   0.04127  0.007604         0
    75/299     7.81G   0.03929  0.008502         0   0.04779        31       416    0.8981    0.8421    0.8881     0.422    0.0404  0.007169         0
    76/299     7.81G   0.03734  0.008004         0   0.04534        25       416    0.8522    0.7891    0.8419    0.4033   0.04203  0.007532         0
    77/299     7.81G     0.041   0.00874         0   0.04974        29       416    0.8394    0.7154    0.8013    0.3405   0.04387  0.007918         0
    78/299     7.81G   0.04224  0.008938         0   0.05118        31       416     0.869    0.7684    0.8329    0.3775   0.04075  0.007861         0
    79/299     7.81G   0.03912    0.0089         0   0.04802        38       416    0.7221    0.7684    0.7566    0.3044   0.04204  0.008109         0
    80/299     7.81G   0.04407  0.009896         0   0.05397        38       416    0.7647    0.7895    0.7859    0.3103   0.04343  0.007735         0
    81/299     7.81G   0.03807   0.00976         0   0.04783        30       416    0.8048    0.6946    0.7604    0.3332   0.04241  0.008011         0
    82/299     7.81G    0.0362  0.009009         0   0.04521        38       416    0.8064    0.7892    0.8171    0.3245   0.04481  0.007854         0
    83/299     7.81G   0.04352  0.008726         0   0.05225        28       416    0.8463    0.7579    0.8141    0.3589   0.04089  0.007544         0
    84/299     7.81G   0.03746  0.009877         0   0.04733        36       416    0.8825    0.7474    0.8388    0.3719   0.04223  0.008184         0
    85/299     7.81G   0.03568  0.008595         0   0.04428        31       416    0.8064    0.7893     0.829    0.4003   0.03865  0.007949         0
    86/299     7.81G   0.03571  0.009563         0   0.04527        36       416    0.7571    0.8211    0.8013    0.3694   0.04344  0.007985         0
    87/299     7.81G   0.04158  0.009091         0   0.05067        30       416    0.8414    0.7261    0.7888    0.3543   0.04387  0.008234         0
    88/299     7.81G   0.03782  0.008597         0   0.04642        38       416    0.8369    0.8105    0.8362    0.3842    0.0423  0.007451         0
    89/299     7.81G   0.03691  0.008519         0   0.04543        35       416    0.8844    0.7263    0.8255    0.3926   0.04148   0.00778         0
    90/299     7.82G    0.0367  0.008607         0    0.0453        33       416    0.8614    0.8526    0.8747    0.3679   0.03948  0.007985         0
    91/299     7.82G   0.03669  0.009719         0   0.04641        33       416    0.8088    0.7579    0.8172    0.3237   0.04449  0.008383         0
    92/299     7.82G   0.04186  0.008796         0   0.05066        52       416    0.8873    0.7474    0.8442    0.3384   0.04186  0.008441         0
    93/299     7.82G    0.0347   0.01051         0   0.04521        29       416    0.8293    0.7684    0.8209    0.3717    0.0404  0.008296         0
    94/299     7.82G   0.03384   0.00881         0   0.04265        32       416    0.8915    0.6947    0.8098    0.3955   0.04109   0.00874         0
    95/299     7.82G   0.03582  0.008037         0   0.04385        46       416    0.9199    0.7263    0.8086    0.3879   0.03937  0.008435         0
    96/299     7.82G   0.03613  0.008779         0   0.04491        21       416    0.8333    0.7893    0.8508    0.3906   0.04261  0.008764         0
    97/299     7.82G   0.03586  0.009148         0   0.04501        30       416    0.9424    0.6947    0.8083    0.3212   0.04396  0.009158         0
    98/299     7.82G   0.03313  0.008349         0   0.04148        32       416    0.8264    0.7579    0.7804    0.3267     0.044  0.008945         0
    99/299     7.82G    0.0391   0.01042         0   0.04952        44       416      0.75    0.8842    0.8658     0.336   0.04182  0.008384         0
   100/299     7.82G   0.03931   0.01027         0   0.04959        45       416    0.8607    0.7158    0.7817    0.3411   0.04087  0.007909         0
   101/299     7.82G   0.03538   0.00977         0   0.04515        38       416    0.7975    0.7474    0.7639    0.2971   0.04181  0.008685         0
   102/299     7.82G   0.03276   0.00824         0     0.041        42       416    0.8233    0.7368    0.7545    0.3729   0.03723  0.008759         0
   103/299     7.82G   0.03422   0.00884         0   0.04306        33       416    0.8426    0.7895    0.8447    0.3873   0.03706  0.007677         0
   104/299     7.82G    0.0337  0.009215         0   0.04291        33       416    0.9146    0.7893    0.8481    0.3766   0.03874  0.007616         0
   105/299     7.82G   0.03334  0.008126         0   0.04147        35       416     0.885    0.6737    0.7834    0.3154   0.04348  0.008518         0
   106/299     7.82G   0.03348  0.007691         0   0.04117        24       416    0.7916    0.7997    0.8266    0.3981   0.03801   0.00839         0
   107/299     7.82G   0.03197  0.008412         0   0.04038        38       416    0.8411    0.7263    0.8295    0.4091   0.03814  0.008359         0
   108/299     7.82G   0.03599  0.007788         0   0.04378        21       416    0.8625    0.7261    0.8289    0.3861   0.04039  0.008388         0
   109/299     7.82G   0.03527  0.008934         0   0.04421        30       416    0.8182    0.7578    0.7812    0.3382    0.0434  0.008566         0
   110/299     7.82G   0.03153  0.007651         0   0.03918        27       416    0.7928    0.7263    0.7767    0.3355   0.04483  0.008338         0
   111/299     7.82G   0.03461  0.007601         0   0.04222        31       416     0.875    0.7368    0.7816     0.374   0.03907  0.007794         0
   112/299     7.82G   0.03153  0.008174         0   0.03971        40       416    0.8713    0.7158     0.766    0.3791   0.03876  0.008287         0
   113/299     7.82G   0.03092  0.008831         0   0.03975        36       416    0.7978    0.8307    0.8263    0.3868   0.03908  0.008632         0
   114/299     7.82G   0.03035  0.008436         0   0.03878        21       416    0.8382    0.8211    0.8289    0.3633    0.0389  0.008308         0
   115/299     7.82G   0.02981  0.006824         0   0.03664        26       416    0.8517       0.8    0.8114    0.3388   0.04018  0.008412         0
   116/299     7.82G   0.03487  0.008623         0   0.04349        36       416     0.875    0.8104    0.8541    0.3646   0.03815   0.00831         0
   117/299     7.82G   0.03186  0.008655         0   0.04051        25       416    0.8198    0.8632    0.8624    0.3884   0.03848  0.008024         0
   118/299     7.82G   0.02947  0.008103         0   0.03758        45       416    0.8163     0.842     0.846    0.3822   0.03887  0.008599         0
   119/299     7.82G   0.03178  0.007966         0   0.03975        32       416    0.8488    0.7681    0.8471    0.3757   0.04085   0.00915         0
   120/299     7.82G   0.03139  0.006487         0   0.03787        26       416    0.7954    0.8211    0.8331     0.374    0.0399  0.008911         0
   121/299     7.82G   0.02988  0.007986         0   0.03786        28       416    0.8311    0.7789    0.8162    0.3721    0.0406   0.00884         0
   122/299     7.82G    0.0285  0.007775         0   0.03628        26       416    0.8674    0.7576     0.813    0.4036   0.03721  0.008541         0
   123/299     7.82G    0.0322  0.007954         0   0.04016        29       416    0.8464    0.7579    0.8117    0.4014   0.03689  0.008303         0
   124/299     7.82G   0.02962  0.007495         0   0.03711        30       416    0.8409    0.7788    0.8273     0.413   0.03723  0.008213         0
   125/299     7.82G   0.02992  0.008166         0   0.03808        28       416    0.7474    0.7785     0.806    0.3804   0.03948    0.0083         0
   126/299     7.82G   0.02856  0.007738         0    0.0363        45       416    0.7821    0.8313    0.8095    0.3972   0.03627   0.00868         0
   127/299     7.82G   0.02762  0.007038         0   0.03466        31       416    0.8191    0.8105    0.7994    0.3939   0.03647  0.008947         0
   128/299     7.82G   0.03033  0.007913         0   0.03825        35       416    0.8387    0.8208    0.8225    0.4157   0.03673  0.008223         0
   129/299     7.82G   0.02783  0.007087         0   0.03492        31       416       0.8     0.842    0.8231    0.3954   0.03897  0.008111         0
   130/299     7.82G    0.0291  0.006864         0   0.03596        24       416    0.7799    0.8211    0.8347    0.3828   0.04041  0.008307         0
   131/299     7.82G   0.03089  0.008073         0   0.03896        36       416    0.7937      0.81    0.8142    0.3713   0.03994  0.008417         0
   132/299     7.82G   0.03331  0.009547         0   0.04286        26       416    0.7888    0.7474     0.776    0.2932   0.04518  0.008893         0
   133/299     7.82G   0.03102  0.007992         0   0.03902        22       416    0.9062    0.6103    0.7413    0.3201   0.04267  0.008708         0
   134/299     7.82G    0.0272  0.007588         0   0.03479        39       416    0.8588    0.7053     0.782    0.3675    0.0381  0.008562         0
   135/299     7.82G    0.0274  0.008123         0   0.03552        32       416    0.8667    0.8209    0.8548    0.4099   0.03634  0.007993         0
   136/299     7.82G   0.02792  0.007164         0   0.03509        22       416    0.8242    0.7894    0.8191    0.4012   0.03689  0.008432         0
   137/299     7.82G   0.02679  0.006618         0    0.0334        25       416     0.817    0.7991    0.8264    0.3902   0.03607  0.008561         0
   138/299     7.82G   0.02837  0.007417         0   0.03578        50       416    0.8621    0.7894    0.8212    0.4325   0.03511  0.008416         0
   139/299     7.82G   0.02873  0.006886         0   0.03561        31       416    0.8333    0.8419    0.8307    0.4257   0.03621  0.008595         0
   140/299     7.82G    0.0306  0.006404         0   0.03701        22       416    0.8721    0.7893    0.8198    0.4007    0.0383  0.009165         0
   141/299     7.82G   0.02546   0.00653         0   0.03199        23       416     0.881    0.7789    0.8049    0.3804   0.03932  0.009179         0
   142/299     7.82G   0.02802  0.007544         0   0.03557        40       416    0.8333    0.7894    0.8135    0.4042   0.03736  0.008883         0
   143/299     7.82G   0.03019  0.007012         0    0.0372        25       416    0.7878    0.8211    0.8356    0.4087   0.03749   0.00886         0
   144/299     7.82G   0.02786  0.007073         0   0.03494        33       416    0.8109    0.7684    0.8051    0.4027   0.03869   0.00919         0
   145/299     7.82G   0.02512  0.006794         0   0.03191        17       416    0.8409    0.7787    0.8088    0.4104    0.0378   0.00882         0
   146/299     7.82G   0.02423  0.006547         0   0.03078        22       416    0.8294    0.8211    0.8127    0.3983   0.03819  0.008656         0
   147/299     7.82G   0.02843  0.007225         0   0.03565        37       416     0.878    0.7579    0.7839    0.3894   0.03803  0.008866         0
   148/299     7.82G   0.02846  0.007284         0   0.03574        34       416    0.8605    0.7789    0.8112    0.3898   0.03824  0.009221         0
   149/299     7.82G   0.02571  0.007258         0   0.03297        35       416    0.8674    0.7579    0.8258     0.417   0.03662   0.00858         0
   150/299     7.82G   0.02737  0.007164         0   0.03454        27       416    0.8588    0.7684    0.8314    0.4262    0.0383  0.008705         0
   151/299     7.82G   0.02744   0.00682         0   0.03426        24       416    0.8536    0.7367    0.8035    0.3962   0.03936  0.009491         0
   152/299     7.82G   0.02632  0.007667         0   0.03399        42       416    0.8734    0.7263    0.8268    0.3969   0.03887   0.00952         0
   153/299     7.82G   0.02596  0.006883         0   0.03284        32       416    0.9067    0.7158    0.8355    0.4181   0.03654  0.008738         0
   154/299     7.82G   0.02332  0.006241         0   0.02956        34       416    0.9324    0.7263    0.8561    0.4316   0.03455  0.008269         0
   155/299     7.82G   0.02543   0.00681         0   0.03224        23       416     0.875    0.8105    0.8353    0.4314   0.03448  0.008015         0
   156/299     7.82G   0.02578  0.006416         0   0.03219        30       416    0.8421    0.8421     0.834    0.4292   0.03539  0.008004         0
   157/299     7.82G   0.02524  0.006451         0   0.03169        48       416    0.8227    0.8316    0.8225     0.429   0.03487  0.007974         0
   158/299     7.82G   0.02677  0.006583         0   0.03335        44       416    0.8571    0.8211    0.8257    0.4251   0.03363  0.007931         0
   159/299     7.82G   0.02535  0.006558         0   0.03191        27       416    0.8387    0.8209    0.8412     0.443   0.03459  0.008159         0
   160/299     7.82G   0.02783  0.007064         0   0.03489        31       416    0.8368    0.8105    0.8431    0.4146   0.03622  0.008456         0
   161/299     7.82G   0.02374  0.007594         0   0.03133        24       416    0.8297    0.8211    0.8361    0.4125   0.03707  0.008812         0
   162/299     7.82G   0.02484     0.007         0   0.03184        36       416    0.8587    0.8316    0.8432    0.4382   0.03587  0.008071         0
   163/299     7.82G   0.02628  0.007355         0   0.03363        34       416     0.857    0.8203    0.8294    0.4381   0.03679  0.008011         0
   164/299     7.82G   0.02755  0.007018         0   0.03457        27       416    0.7946    0.8211    0.8206    0.4259   0.03591  0.008346         0
   165/299     7.82G   0.02392  0.006487         0   0.03041        41       416    0.7812    0.7895    0.7855    0.3909   0.03921  0.009635         0
   166/299     7.82G   0.02444  0.006259         0    0.0307        40       416    0.8444       0.8    0.8211    0.3916   0.03856  0.008944         0
   167/299     7.82G   0.02878  0.006386         0   0.03516        32       416    0.8966    0.8211    0.8391    0.4196    0.0356  0.008238         0
   168/299     7.82G   0.02499  0.006957         0   0.03195        37       416    0.9079    0.8316    0.8509    0.4383   0.03472  0.007818         0
   169/299     7.82G   0.02277  0.006753         0   0.02952        36       416    0.8534    0.8632    0.8668    0.4194   0.03737  0.008061         0
   170/299     7.82G   0.02256  0.005915         0   0.02847        32       416    0.8478    0.8211    0.8396    0.4335   0.03763   0.00864         0
   171/299     7.82G   0.02599  0.006962         0   0.03296        33       416    0.9208    0.7368    0.8313    0.4403   0.03695   0.00879         0
   172/299     7.82G   0.02414  0.006305         0   0.03045        32       416    0.9146    0.7892    0.8543    0.4247   0.03809  0.009077         0
   173/299     7.82G   0.02366  0.006743         0    0.0304        30       416    0.7821    0.8316    0.8193    0.4407   0.03691  0.009009         0
   174/299     7.82G   0.02287  0.005695         0   0.02857        16       416    0.8461    0.8104    0.8661    0.4423   0.03602  0.009026         0
   175/299     7.82G   0.02399  0.006597         0   0.03058        40       416    0.9057    0.8105    0.8679    0.4377   0.03617  0.008669         0
   176/299     7.82G   0.02522  0.006083         0   0.03131        28       416    0.8667    0.8209    0.8658    0.4506   0.03673  0.008424         0
   177/299     7.82G   0.02378   0.00666         0   0.03044        28       416    0.8536       0.8    0.8448    0.4138   0.03847  0.008923         0
   178/299     7.82G   0.02384  0.006852         0   0.03069        25       416    0.8309    0.8316    0.8459    0.4226   0.03843  0.009156         0
   179/299     7.82G   0.02306  0.006719         0   0.02978        24       416    0.9296    0.6945    0.8285     0.415   0.03847  0.009193         0
   180/299     7.82G   0.02128  0.006566         0   0.02785        47       416     0.822    0.7789    0.8145    0.4077   0.03773  0.009218         0
   181/299     7.82G   0.02278  0.006238         0   0.02902        44       416     0.875    0.7368    0.8047    0.4075   0.03666  0.008893         0
   182/299     7.82G   0.02144  0.005993         0   0.02743        31       416    0.8824    0.7895     0.821    0.4256   0.03641  0.008674         0
   183/299     7.82G   0.02127  0.005783         0   0.02705        40       416    0.9124    0.7684    0.8302    0.4326    0.0369   0.00901         0
   184/299     7.82G   0.02433  0.006039         0   0.03037        21       416    0.8915    0.7789    0.8238    0.4328   0.03625  0.009051         0
   185/299     7.82G   0.02229  0.005613         0   0.02791        26       416    0.8735       0.8    0.8543    0.4534   0.03602  0.008484         0
   186/299     7.82G   0.02288  0.006169         0   0.02905        40       416    0.8809    0.7789    0.8388    0.4407   0.03644  0.008657         0
   187/299     7.82G   0.02468  0.006053         0   0.03073        27       416    0.8688    0.7684    0.8281    0.4351   0.03716  0.008971         0
   188/299     7.82G   0.02537  0.006574         0   0.03195        44       416    0.8553    0.7474    0.7936    0.3875   0.03999  0.009433         0
   189/299     7.82G   0.02291  0.006189         0    0.0291        29       416    0.8313    0.7262     0.797    0.4051   0.03881  0.009355         0
   190/299     7.82G   0.02284  0.005487         0   0.02833        30       416    0.8351       0.8    0.8325    0.4035   0.03773  0.008717         0
   191/299     7.82G    0.0268  0.006161         0   0.03296        44       416     0.835       0.8     0.833    0.4114   0.03643  0.008376         0
   192/299     7.82G   0.02552  0.007079         0    0.0326        36       416    0.8296    0.8201    0.8362    0.4295   0.03556  0.007976         0
   193/299     7.82G    0.0228  0.006761         0   0.02956        28       416    0.8652    0.8105    0.8513    0.4543   0.03394  0.007753         0
   194/299     7.82G   0.02257  0.006308         0   0.02888        34       416     0.875    0.8103    0.8532    0.4662   0.03478  0.007788         0
   195/299     7.82G   0.02458  0.006717         0    0.0313        28       416    0.8061    0.8316    0.8452    0.4535   0.03581  0.007928         0
   196/299     7.82G   0.02159  0.005558         0   0.02715        16       416    0.8089    0.7579    0.7964    0.4353    0.0363  0.008488         0
   197/299     7.82G    0.0216   0.00725         0   0.02885        30       416     0.872    0.7263    0.8154    0.4299   0.03564  0.008758         0
   198/299     7.82G   0.02009  0.006252         0   0.02634        30       416    0.7829       0.8    0.8132    0.4345    0.0356  0.008905         0
   199/299     7.82G   0.02117    0.0061         0   0.02727        37       416    0.7959    0.8211    0.8265    0.4295   0.03581  0.009075         0
   200/299     7.82G   0.02147  0.006149         0   0.02761        20       416    0.7778    0.8104    0.8116    0.4242   0.03619  0.009048         0
   201/299     7.82G   0.02206  0.006172         0   0.02823        29       416    0.8314    0.8316    0.8319     0.429   0.03525  0.008617         0
   202/299     7.82G   0.02094  0.005642         0   0.02658        37       416    0.8298     0.821    0.8275    0.4163   0.03605  0.008684         0
   203/299     7.82G   0.02169  0.006308         0     0.028        28       416    0.8571     0.821     0.847    0.4268   0.03534  0.008642         0
   204/299     7.82G   0.02161   0.00573         0   0.02734        27       416    0.8743    0.8105    0.8682    0.4204   0.03684  0.008865         0
   205/299     7.82G   0.02233  0.006059         0   0.02839        28       416    0.8601    0.8421     0.867    0.4482   0.03521  0.008685         0
   206/299     7.82G   0.01894  0.005438         0   0.02438        31       416    0.8863    0.8206    0.8689    0.4485   0.03494  0.008674         0
   207/299     7.82G   0.01968  0.005504         0   0.02518        36       416    0.8452    0.8632    0.8733    0.4581    0.0342  0.008576         0
   208/299     7.82G   0.01989  0.006192         0   0.02608        35       416    0.8367    0.8631    0.8717    0.4396   0.03516  0.008704         0
   209/299     7.82G   0.02099   0.00538         0   0.02637        22       416    0.8245    0.8421    0.8681    0.4446    0.0358  0.009044         0
   210/299     7.82G   0.02043  0.005286         0   0.02572        28       416    0.8444    0.7997    0.8643    0.4301   0.03607   0.00911         0
   211/299     7.82G   0.01973  0.005533         0   0.02526        23       416    0.8621    0.7894    0.8636    0.4246    0.0366  0.009159         0
   212/299     7.82G   0.02121  0.006604         0   0.02781        24       416    0.8196    0.8632    0.8671    0.4416   0.03693  0.009106         0
   213/299     7.82G   0.02035  0.005618         0   0.02597        32       416    0.8532    0.8632    0.8822    0.4486   0.03633  0.009021         0
   214/299     7.82G   0.01963   0.00626         0   0.02589        37       416    0.8709    0.8526    0.8735    0.4498   0.03519  0.008579         0
   215/299     7.82G   0.02143  0.005808         0   0.02724        33       416     0.851    0.8419    0.8622    0.4556   0.03515  0.008636         0
   216/299     7.82G   0.02134  0.005553         0    0.0269        31       416    0.8246    0.8421    0.8652    0.4475   0.03611  0.008813         0
   217/299     7.82G   0.02051  0.006202         0   0.02671        33       416    0.8246    0.8421    0.8604     0.428   0.03712  0.008963         0
   218/299     7.82G   0.01979  0.005566         0   0.02536        32       416    0.8539    0.7999    0.8376    0.4292   0.03635  0.009019         0
   219/299     7.82G   0.02056  0.005765         0   0.02632        17       416    0.8721    0.7894    0.8355    0.4217    0.0365  0.009147         0
   220/299     7.82G   0.01901   0.00524         0   0.02425        31       416    0.8909    0.7789    0.8139    0.4061   0.03595  0.009336         0
   221/299     7.82G    0.0189  0.005464         0   0.02437        36       416     0.865    0.8105    0.8284    0.4242   0.03648  0.009717         0
   222/299     7.82G   0.01883  0.005777         0   0.02461        25       416    0.8649    0.8105    0.8231    0.4315   0.03639  0.009507         0
   223/299     7.82G   0.02033  0.005405         0   0.02573        37       416    0.8473    0.8211    0.8138    0.4174   0.03605  0.009642         0
   224/299     7.82G   0.01814  0.005277         0   0.02341        34       416     0.857    0.8211    0.8267    0.4214   0.03645  0.009676         0
   225/299     7.82G    0.0204   0.00566         0   0.02606        36       416    0.8602    0.8421    0.8579    0.4192   0.03652  0.009177         0
   226/299     7.82G   0.01766  0.004972         0   0.02264        23       416    0.8696     0.842     0.869    0.4535   0.03417  0.008536         0
   227/299     7.82G   0.02072  0.006198         0   0.02692        50       416    0.8889    0.8419    0.8588    0.4477   0.03396  0.008296         0
   228/299     7.82G   0.02001   0.00547         0   0.02548        24       416    0.8778    0.8316     0.851    0.4519   0.03408   0.00838         0
   229/299     7.82G   0.01955  0.005561         0   0.02511        36       416    0.8719    0.7895    0.8295    0.4381   0.03444  0.008873         0
   230/299     7.82G   0.01911  0.005313         0   0.02442        36       416    0.9046       0.8    0.8477    0.4293   0.03567  0.009656         0
   231/299     7.82G    0.0188  0.004932         0   0.02373        16       416    0.8902    0.7683    0.8102     0.409   0.03674   0.00984         0
   232/299     7.82G   0.01731  0.005158         0   0.02246        32       416    0.8506    0.7789    0.8207    0.4176   0.03685  0.009729         0
   233/299     7.82G   0.01841  0.005488         0    0.0239        22       416    0.8734       0.8    0.8211     0.438   0.03539  0.009052         0
   234/299     7.82G   0.01927  0.005522         0    0.0248        37       416    0.8723    0.8631    0.8327    0.4301   0.03592  0.008976         0
   235/299     7.82G   0.01827  0.004925         0   0.02319        49       416    0.8988    0.8421    0.8505    0.4286   0.03602  0.009163         0
   236/299     7.82G   0.01771  0.005125         0   0.02284        21       416    0.8563    0.8316    0.8374    0.4103   0.03712  0.009702         0
   237/299     7.82G   0.01823   0.00558         0   0.02381        37       416    0.8897    0.8526    0.8743    0.4275   0.03649  0.009628         0
   238/299     7.82G   0.01784   0.00515         0   0.02299        32       416    0.8617    0.8526     0.862    0.4275   0.03548  0.009243         0
   239/299     7.82G    0.0178  0.005249         0   0.02305        26       416    0.8764    0.8211    0.8444    0.4451   0.03521  0.009044         0
   240/299     7.82G   0.01882   0.00504         0   0.02386        34       416    0.8735    0.7997    0.8402    0.4273   0.03553   0.00893         0
   241/299     7.82G   0.01897  0.004822         0   0.02379        34       416    0.7959    0.8618    0.8419    0.4366   0.03543  0.009085         0
   242/299     7.82G   0.01878  0.006119         0    0.0249        46       416    0.8056    0.8722    0.8482    0.4316   0.03597  0.009318         0
   243/299     7.82G   0.01637  0.005459         0   0.02183        25       416    0.8099    0.8526    0.8408    0.4311   0.03601  0.009275         0
   244/299     7.82G   0.01721  0.004949         0   0.02216        30       416    0.8478    0.8208    0.8486     0.439   0.03648  0.009371         0
   245/299     7.82G   0.01977  0.005486         0   0.02526        40       416    0.9035    0.7888    0.8582    0.4464   0.03576  0.009199         0
   246/299     7.82G   0.01666  0.005524         0   0.02218        38       416    0.8834       0.8    0.8433    0.4524   0.03599  0.009297         0
   247/299     7.82G   0.01742  0.006251         0   0.02368        47       416    0.8923    0.7895    0.8416     0.454   0.03553  0.009268         0
   248/299     7.82G   0.01571  0.004494         0   0.02021        25       416    0.8636    0.7999    0.8403    0.4506   0.03546  0.009544         0
   249/299     7.82G   0.01769  0.005212         0    0.0229        25       416    0.8556    0.8105    0.8403    0.4453   0.03578  0.009844         0
   250/299     7.82G   0.01633  0.004561         0   0.02089        25       416    0.8928    0.7895    0.8432    0.4456   0.03513  0.009809         0
   251/299     7.82G   0.01616  0.004588         0   0.02075        19       416    0.8587    0.8315    0.8477    0.4498   0.03515  0.009819         0
   252/299     7.82G   0.01709   0.00489         0   0.02198        32       416     0.842    0.8415     0.859    0.4494   0.03522  0.009644         0
   253/299     7.82G   0.01674  0.004644         0   0.02139        19       416     0.885    0.8105    0.8641    0.4597   0.03516  0.009517         0
   254/299     7.82G   0.01713  0.004803         0   0.02194        41       416    0.8245    0.8421    0.8423    0.4521   0.03483  0.009541         0
   255/299     7.82G   0.01719  0.005237         0   0.02243        39       416    0.8265    0.8526    0.8424    0.4484   0.03506  0.009657         0
   256/299     7.82G   0.01582   0.00461         0   0.02043        32       416    0.8681    0.8314    0.8377    0.4427   0.03542  0.009871         0
   257/299     7.82G    0.0167    0.0054         0    0.0221        30       416    0.8548    0.8105    0.8077    0.4367   0.03546  0.009914         0
   258/299     7.82G   0.01565  0.005066         0   0.02072        42       416    0.8265    0.8526    0.8281    0.4271   0.03575  0.009915         0
   259/299     7.82G   0.01612  0.004735         0   0.02086        25       416    0.8279    0.8105    0.8204    0.4326    0.0353  0.009873         0
   260/299     7.82G   0.01562  0.005075         0    0.0207        32       416    0.8889    0.7578    0.8255    0.4391   0.03473  0.009951         0
   261/299     7.82G   0.01539  0.005205         0   0.02059        21       416    0.8889    0.7579    0.8273    0.4368   0.03458   0.01004         0
   262/299     7.82G   0.01636  0.005498         0   0.02185        26       416    0.7999    0.8421    0.8493    0.4486   0.03442  0.009778         0
   263/299     7.82G   0.01693  0.004797         0   0.02172        39       416     0.768    0.8737    0.8475    0.4435    0.0342  0.009703         0
   264/299     7.82G   0.01767  0.005001         0   0.02267        36       416    0.7895    0.8737    0.8489    0.4467   0.03429  0.009885         0
   265/299     7.82G   0.01588  0.004484         0   0.02036        37       416    0.8136    0.8727    0.8701    0.4439   0.03463   0.01005         0
   266/299     7.82G   0.01582   0.00536         0   0.02118        27       416    0.8823    0.7894    0.8598    0.4248   0.03557    0.0102         0
   267/299     7.82G    0.0174  0.004451         0   0.02185        18       416    0.8279    0.8105    0.8551     0.437   0.03547   0.00998         0
   268/299     7.82G   0.01707  0.004898         0   0.02196        21       416     0.814    0.8316    0.8328    0.4216   0.03597  0.009986         0
   269/299     7.82G   0.01585   0.00524         0   0.02109        31       416    0.7998    0.8421     0.826     0.423   0.03597  0.009999         0
   270/299     7.82G   0.01633  0.004614         0   0.02095        36       416    0.8521    0.7886    0.8261    0.4314   0.03539   0.01005         0
   271/299     7.82G   0.01696  0.005117         0   0.02208        39       416    0.8522    0.7893      0.82    0.4315   0.03415  0.009974         0
   272/299     7.82G   0.01682  0.005241         0   0.02206        34       416    0.8706    0.7788    0.8151    0.4444   0.03359   0.01007         0
   273/299     7.82G   0.01607  0.005287         0   0.02136        28       416    0.8427    0.7894    0.8224    0.4436   0.03394   0.01025         0
   274/299     7.82G   0.01557  0.004863         0   0.02044        28       416     0.821     0.821    0.8228    0.4424   0.03406   0.01027         0
   275/299     7.82G   0.01631  0.005023         0   0.02134        35       416    0.8649    0.8105    0.8446     0.462   0.03467   0.01018         0
   276/299     7.82G   0.01568  0.004675         0   0.02035        24       416     0.894       0.8    0.8614    0.4563   0.03554   0.01031         0
   277/299     7.82G   0.01536  0.004845         0   0.02021        30       416    0.8599    0.8421    0.8602     0.448   0.03563   0.01025         0
   278/299     7.82G   0.01311   0.00434         0   0.01745        29       416    0.8693    0.8421    0.8594    0.4418   0.03576   0.01024         0
   279/299     7.82G   0.01454  0.005018         0   0.01956        50       416      0.86    0.8421    0.8608    0.4438    0.0356   0.01011         0
   280/299     7.82G   0.01466  0.004493         0   0.01915        28       416    0.8601    0.8415    0.8647    0.4495   0.03557  0.009999         0
   281/299     7.82G    0.0143  0.004236         0   0.01854        34       416    0.8367    0.8631    0.8622    0.4527   0.03507   0.00997         0
   282/299     7.82G   0.01447  0.004086         0   0.01856        29       416    0.8437    0.8526    0.8657    0.4579   0.03488  0.009931         0
   283/299     7.82G   0.01631   0.00485         0   0.02116        30       416    0.8367    0.8632    0.8661    0.4543   0.03498   0.01002         0
   284/299     7.82G   0.01341  0.003423         0   0.01683        28       416    0.8667     0.821    0.8664    0.4594   0.03487   0.01005         0
   285/299     7.82G   0.01535   0.00439         0   0.01974        29       416    0.8677    0.8316    0.8671    0.4538   0.03538   0.01006         0
   286/299     7.82G   0.01474   0.00464         0   0.01938        21       416    0.8773    0.8316    0.8668    0.4596   0.03504  0.009926         0
   287/299     7.82G   0.01458  0.004498         0   0.01908        23       416    0.8494    0.8316    0.8574    0.4539   0.03511  0.009941         0
   288/299     7.82G   0.01474  0.004479         0   0.01922        27       416     0.833    0.8421     0.853    0.4463   0.03476  0.009898         0
   289/299     7.82G   0.01487  0.004049         0   0.01892        31       416    0.8651    0.8105    0.8479    0.4423   0.03498   0.01006         0
   290/299     7.82G    0.0139  0.004565         0   0.01847        39       416    0.7999    0.8417    0.8321    0.4423   0.03521   0.01028         0
   291/299     7.82G   0.01452   0.00429         0   0.01881        34       416       0.8    0.8421    0.8297    0.4412   0.03529    0.0104         0
   292/299     7.82G   0.01533  0.005379         0    0.0207        40       416    0.8604    0.7789    0.8198    0.4373   0.03509   0.01057         0
   293/299     7.82G   0.01425  0.004673         0   0.01892        25       416    0.8721    0.7894    0.8351    0.4366   0.03458   0.01057         0
   294/299     7.82G   0.01332  0.003904         0   0.01722        31       416    0.8562    0.8211    0.8389    0.4453   0.03422   0.01058         0
   295/299     7.82G   0.01509  0.004827         0   0.01992        29       416    0.8568    0.8211    0.8373    0.4467   0.03409    0.0106         0
   296/299     7.82G   0.01445  0.004397         0   0.01884        25       416    0.8571    0.8209    0.8383    0.4415   0.03454   0.01077         0
   297/299     7.82G   0.01366  0.004156         0   0.01781        23       416    0.8333    0.8416    0.8378    0.4447    0.0347   0.01089         0
   298/299     7.82G   0.01488  0.004682         0   0.01956        38       416    0.8503    0.8421    0.8355     0.441   0.03512    0.0109         0
   299/299     7.82G   0.01364  0.004189         0   0.01783        24       416    0.8262    0.8526    0.8362    0.4474   0.03513   0.01081         0
