     0/299     2.15G    0.1078   0.01709         0    0.1249        24       416  0.001091    0.1827 0.0002298 4.062e-05    0.1071   0.01676         0
     1/299     5.83G    0.1017   0.01822         0    0.1199        39       416  0.001746    0.3173 0.0005626 9.467e-05    0.1026   0.01353         0
     2/299     7.27G   0.09517   0.01731         0    0.1125        38       416  0.003215    0.2212  0.001356 0.0002276   0.09862   0.01252         0
     3/299     7.27G   0.09404   0.01725         0    0.1113        31       416   0.01725    0.2596  0.008526  0.001512   0.09171   0.01303         0
     4/299     7.27G    0.0864   0.01835         0    0.1048        44       416   0.03393    0.1731   0.02174  0.004637   0.08612   0.01302         0
     5/299     7.27G    0.0837   0.01775         0    0.1014        31       416    0.1382    0.2019   0.06912   0.01252   0.08052   0.01306         0
     6/299     7.27G   0.07979   0.01818         0   0.09797        36       416    0.2245    0.3077    0.1477   0.03135    0.0777   0.01234         0
     7/299     7.27G    0.0753   0.01738         0   0.09267        35       416    0.4178    0.3558    0.2969   0.07561   0.07327   0.01095         0
     8/299     7.27G   0.07204   0.01568         0   0.08772        28       416    0.1609    0.4231    0.1244   0.02956   0.07012   0.01058         0
     9/299     7.27G   0.06872   0.01316         0   0.08188        34       416    0.2924    0.3942    0.2657    0.0693   0.06723   0.01112         0
    10/299     7.27G   0.06892   0.01558         0    0.0845        36       416    0.4776    0.4131    0.3655    0.1105   0.06449   0.01032         0
    11/299     7.27G    0.0671   0.01361         0    0.0807        20       416    0.5405    0.4423    0.4146   0.08727   0.06715  0.009227         0
    12/299     7.27G   0.06406   0.01425         0   0.07831        33       416    0.6072    0.4615    0.5069     0.208   0.05915  0.008715         0
    13/299     7.27G   0.06209   0.01362         0   0.07571        40       416    0.4131    0.4808    0.3836    0.1223   0.06265   0.01039         0
    14/299     7.27G   0.06095   0.01292         0   0.07388        21       416      0.54    0.4808    0.4575    0.1268   0.06114  0.008413         0
    15/299     7.27G   0.06849   0.01203         0   0.08052        27       416    0.7233    0.4022    0.5017    0.1589   0.07006  0.008098         0
    16/299     7.29G   0.06437   0.01273         0    0.0771        32       416    0.5962    0.4519     0.453    0.1138   0.06853  0.008642         0
    17/299     7.29G   0.06634   0.01262         0   0.07896        22       416    0.6554    0.6058    0.5872    0.1908   0.06063   0.00887         0
    18/299     7.29G   0.06455   0.01204         0   0.07659        31       416    0.5264    0.4702    0.4357    0.1184   0.06746  0.008309         0
    19/299     7.29G   0.06573   0.01141         0   0.07715        33       416    0.5524    0.5458    0.5152    0.1597   0.05942  0.008727         0
    20/299     7.29G     0.058   0.01331         0   0.07131        37       416    0.6129    0.5937    0.5543     0.204   0.05202  0.009301         0
    21/299     7.29G   0.05811   0.01133         0   0.06944        30       416    0.6993    0.5385    0.5935    0.2139   0.05925  0.008795         0
    22/299     7.29G    0.0588   0.01322         0   0.07202        46       416     0.605    0.5481    0.5192    0.1648   0.06197  0.008542         0
    23/299     7.29G   0.06201   0.01113         0   0.07314        28       416    0.7587    0.5769    0.6236    0.2101   0.05662  0.008997         0
    24/299     7.29G   0.05768   0.01148         0   0.06917        26       416    0.6139    0.6442    0.6408     0.234   0.05449  0.008299         0
    25/299     7.29G   0.06378   0.01111         0   0.07489        33       416    0.7092    0.4712    0.5741    0.1771   0.05852  0.008933         0
    26/299     7.29G    0.0557   0.01103         0   0.06673        27       416    0.6752    0.7396    0.6821    0.2897   0.05169  0.008035         0
    27/299     7.29G   0.05744   0.01175         0   0.06919        39       416    0.7645    0.7212    0.6874    0.2274   0.05779  0.007997         0
    28/299     7.29G   0.05626   0.01097         0   0.06723        36       416    0.5505    0.6713    0.5697    0.2077   0.05211  0.008666         0
    29/299     7.29G   0.05734  0.009915         0   0.06726        27       416    0.7995    0.6538    0.6812    0.2157   0.05687  0.008321         0
    30/299     7.29G    0.0588   0.01039         0   0.06919        27       416    0.6209    0.6635    0.6715    0.2415   0.05393  0.007627         0
    31/299     7.29G   0.05468   0.01084         0   0.06552        30       416    0.8199    0.7005    0.7681    0.2769   0.04989  0.008012         0
    32/299     7.29G   0.05147   0.01023         0    0.0617        32       416    0.6196    0.7212    0.6615    0.2749   0.05109  0.008826         0
    33/299     7.29G   0.05377   0.01141         0   0.06518        35       416    0.7577    0.6346    0.6634    0.1889   0.05201  0.008582         0
    34/299     7.29G   0.05225   0.01162         0   0.06387        38       416    0.7142    0.6247    0.6779    0.2065   0.05789  0.007923         0
    35/299     7.29G   0.05461    0.0109         0   0.06551        42       416    0.7217      0.75    0.7295    0.2933   0.05248  0.009064         0
    36/299     7.29G   0.05193   0.01096         0   0.06288        46       416    0.5714    0.6154    0.5434    0.1806   0.06114  0.008051         0
    37/299     7.29G    0.0534   0.01015         0   0.06355        28       416    0.8256    0.7308    0.7309    0.2314   0.05293  0.008278         0
    38/299     7.29G   0.05173   0.01009         0   0.06182        44       416     0.704    0.6635    0.7128     0.298   0.05443  0.007337         0
    39/299     7.29G   0.05023   0.00916         0   0.05939        43       416    0.8552    0.7404    0.7822    0.3026   0.05005   0.00742         0
    40/299     7.29G    0.0458   0.00879         0   0.05459        14       416    0.7993    0.7692    0.7636    0.2717   0.04957  0.007547         0
    41/299     7.29G   0.05077  0.009899         0   0.06067        31       416    0.7956    0.7111    0.7479    0.3422   0.04983  0.007333         0
    42/299     7.29G   0.04753  0.009303         0   0.05683        25       416    0.8998    0.7788    0.8012    0.2827   0.04875  0.007255         0
    43/299     7.29G   0.04925   0.01007         0   0.05933        35       416    0.7889    0.7596     0.743    0.3163   0.04528  0.007807         0
    44/299     7.29G   0.04352   0.01071         0   0.05423        49       416    0.7159    0.6058    0.5761      0.18   0.05745  0.008774         0
    45/299     7.29G   0.04763   0.01116         0    0.0588        33       416    0.7039    0.6628    0.6937    0.2058   0.05538  0.007781         0
    46/299     7.29G   0.05523  0.008667         0   0.06389        22       416    0.6995    0.5192    0.5716    0.2435   0.05288  0.008183         0
    47/299     7.29G   0.05177  0.009611         0   0.06138        35       416    0.6588    0.5769     0.631    0.1837   0.06051  0.007282         0
    48/299     7.29G   0.05207  0.009754         0   0.06182        23       416    0.7858    0.6827      0.78    0.2603   0.04972  0.007491         0
    49/299     7.29G   0.05404   0.01006         0    0.0641        33       416    0.5509    0.6538    0.5019    0.1447   0.05585  0.007497         0
    50/299     7.29G   0.04885   0.01019         0   0.05904        54       416    0.7251    0.6346    0.6695    0.2146   0.05388  0.007525         0
    51/299     7.29G   0.05247  0.008473         0   0.06094        24       416    0.8643    0.6127    0.7163    0.2921   0.04963  0.007632         0
    52/299     7.29G   0.04912  0.009693         0   0.05881        26       416    0.7316    0.6635    0.6875    0.2844   0.05298  0.007479         0
    53/299     7.29G   0.04633  0.009086         0   0.05542        36       416    0.8171    0.7308    0.7291    0.3182   0.05019  0.007322         0
    54/299     7.29G   0.04348  0.009733         0   0.05322        30       416    0.8539    0.7307    0.7773    0.3262   0.04853  0.007805         0
    55/299     7.29G   0.04603  0.009591         0   0.05562        26       416    0.9035    0.6346    0.7248    0.2931   0.05433  0.007709         0
    56/299     7.29G   0.04412  0.009367         0   0.05349        40       416    0.8482    0.8077    0.8263    0.3547    0.0447  0.007311         0
    57/299     7.29G   0.04266  0.008086         0   0.05075        21       416    0.8601    0.7692    0.8252    0.3198   0.04479   0.00734         0
    58/299     7.29G   0.04884  0.009039         0   0.05788        17       416    0.8794    0.7011    0.7883    0.3184   0.05046  0.007802         0
    59/299     7.29G   0.04702   0.01017         0   0.05719        35       416    0.8191    0.7404    0.7525    0.3355   0.04751   0.00807         0
    60/299     7.29G   0.04659  0.009581         0   0.05617        31       416    0.8817    0.7882    0.8123    0.3481   0.04803  0.007128         0
    61/299     7.29G   0.04015  0.008621         0   0.04877        30       416    0.8061    0.7595    0.7649     0.351   0.04773  0.007042         0
    62/299     7.29G    0.0427  0.008594         0   0.05129        24       416     0.851    0.7688    0.8042    0.3981   0.04676  0.006634         0
    63/299     7.29G   0.04114  0.008618         0   0.04975        39       416       0.9    0.7788    0.8292    0.3539    0.0451  0.006719         0
    64/299     7.29G   0.04325  0.009431         0   0.05269        32       416    0.8838    0.5865    0.6862    0.3091    0.0502  0.009078         0
    65/299     7.29G   0.03886  0.009217         0   0.04808        33       416     0.794    0.7783    0.7788    0.4044   0.04185  0.008031         0
    66/299     7.29G   0.04032  0.009466         0   0.04978        39       416    0.9091    0.7691    0.7654    0.3346   0.04576  0.008142         0
    67/299     7.29G    0.0402  0.009299         0    0.0495        33       416    0.8823    0.7308    0.7583    0.3353   0.04453  0.007791         0
    68/299     7.29G   0.03905  0.008413         0   0.04747        32       416    0.8505    0.7115    0.7612    0.3443   0.04441  0.008622         0
    69/299     7.29G   0.04094  0.009178         0   0.05012        31       416    0.7399    0.7115    0.6625    0.3201   0.04906  0.007523         0
    70/299     7.29G   0.03957  0.009729         0    0.0493        25       416    0.7397    0.7115    0.6785    0.2964    0.0512  0.008926         0
    71/299     7.29G   0.04257  0.008977         0   0.05155        34       416    0.8153    0.8077    0.8165    0.3411   0.04422   0.00742         0
    72/299     7.29G    0.0361  0.007636         0   0.04373        48       416    0.8365    0.7885    0.8088    0.3809   0.04414  0.007631         0
    73/299     7.29G   0.04078  0.007994         0   0.04877        39       416    0.8475    0.7019     0.771    0.3434   0.04504  0.008583         0
    74/299     7.29G   0.03903  0.009523         0   0.04855        32       416     0.888    0.6923    0.8055    0.3873   0.04337  0.008022         0
    75/299     7.29G   0.03468  0.008786         0   0.04347        38       416    0.8746    0.8077    0.8273    0.4027   0.04011  0.007848         0
    76/299     7.29G   0.03687  0.009218         0   0.04608        40       416    0.8222    0.7114    0.7782     0.362   0.04113  0.007504         0
    77/299     7.29G   0.03975  0.008812         0   0.04857        26       416    0.8102    0.7404    0.7535    0.3343    0.0463  0.008008         0
    78/299     7.29G   0.03943  0.008793         0   0.04822        39       416    0.8667    0.6923    0.7758    0.3651   0.04451  0.007873         0
    79/299     7.29G    0.0405  0.009201         0    0.0497        35       416     0.837    0.6923    0.7375    0.3409   0.04967  0.007962         0
    80/299     7.29G   0.04155  0.008696         0   0.05025        41       416    0.7373    0.7015    0.7301     0.298   0.04765  0.008251         0
    81/299     7.29G   0.04033  0.009836         0   0.05017        40       416    0.8555    0.7403    0.8326     0.415   0.04075  0.007403         0
    82/299     7.29G   0.03835  0.008092         0   0.04645        32       416    0.8953    0.7398    0.8414    0.3805   0.04664  0.007869         0
    83/299     7.29G   0.03628  0.008014         0    0.0443        34       416     0.851    0.7692    0.8038    0.3927   0.04663  0.007554         0
    84/299     7.29G   0.03697   0.00923         0    0.0462        35       416    0.9036    0.7211    0.8164    0.3679   0.04674  0.007745         0
    85/299     7.29G   0.03421  0.008426         0   0.04264        48       416    0.8965      0.75    0.7801    0.3812   0.04318  0.007554         0
    86/299     7.29G   0.03799  0.007607         0    0.0456        44       416    0.8864    0.7499    0.8128    0.3684   0.04513  0.007558         0
    87/299     7.29G   0.04143   0.01004         0   0.05147        37       416    0.8262    0.8269    0.8185    0.4044   0.04074  0.007443         0
    88/299     7.29G   0.03663  0.008806         0   0.04543        45       416    0.9116    0.7981    0.8661    0.4374   0.04036  0.007032         0
    89/299     7.29G    0.0351   0.00791         0   0.04301        36       416    0.8486    0.7019    0.7595    0.3484   0.04546  0.008283         0
    90/299     7.29G     0.035  0.008783         0   0.04378        36       416    0.8678    0.7596     0.808    0.3877   0.04192  0.007238         0
    91/299     7.29G   0.03735  0.008909         0   0.04626        24       416    0.8569      0.75    0.7657    0.3421   0.04332  0.007467         0
    92/299     7.29G   0.03956  0.009249         0   0.04881        56       416    0.9467    0.6923    0.7892    0.3503   0.04327  0.007704         0
    93/299     7.29G   0.03577  0.008336         0    0.0441        32       416    0.8561      0.75    0.8054    0.3764   0.03881  0.007552         0
    94/299     7.29G   0.03805  0.008843         0   0.04689        29       416    0.9351    0.6922    0.7845     0.362     0.042   0.00845         0
    95/299     7.29G   0.03598  0.008354         0   0.04434        46       416    0.7778    0.6442    0.6883    0.2939   0.04729  0.008958         0
    96/299     7.29G   0.03782  0.009264         0   0.04708        34       416    0.8067    0.6824    0.6795    0.3339   0.04688  0.009726         0
    97/299     7.29G   0.03321  0.009334         0   0.04255        50       416     0.939    0.7403    0.8039    0.3327   0.04529  0.007724         0
    98/299     7.29G   0.03706  0.008848         0    0.0459        48       416     0.885    0.7401    0.8134    0.3374   0.04526  0.008151         0
    99/299     7.29G   0.03757  0.008931         0    0.0465        40       416    0.7488    0.6923    0.7278    0.3149   0.04809  0.008277         0
   100/299     7.29G   0.03308   0.00908         0   0.04216        47       416     0.878    0.6921    0.7834     0.374   0.04463  0.008117         0
   101/299     7.29G   0.03252  0.008708         0   0.04123        31       416    0.8997    0.6923    0.7798    0.4027   0.04228  0.007963         0
   102/299     7.29G   0.03364  0.008252         0   0.04189        48       416    0.8163    0.7692     0.808     0.411   0.04304   0.00805         0
   103/299     7.29G   0.03383  0.008504         0   0.04234        41       416    0.9052    0.7404    0.8306    0.4297   0.04161   0.00812         0
   104/299     7.29G   0.03364  0.009311         0   0.04295        29       416     0.824    0.8556    0.8542    0.4539   0.03959  0.006968         0
   105/299     7.29G   0.03542  0.008598         0   0.04402        47       416    0.7878      0.75    0.7564    0.3737   0.04506   0.00697         0
   106/299     7.29G   0.03432   0.00814         0   0.04246        36       416    0.8975    0.7596    0.8422    0.4151   0.04049  0.007561         0
   107/299     7.29G   0.03377  0.008337         0    0.0421        27       416    0.7623    0.7402     0.739    0.3373   0.04351   0.00859         0
   108/299     7.29G   0.03635  0.007464         0   0.04382        22       416    0.7299    0.7019    0.6957     0.337   0.04325  0.009031         0
   109/299     7.29G   0.03129  0.008069         0   0.03936        43       416    0.8973    0.6724    0.7789    0.3983   0.04342  0.007494         0
   110/299     7.29G   0.03179  0.008549         0   0.04034        34       416    0.8798    0.7788    0.8378    0.4326    0.0424  0.007868         0
   111/299     7.29G   0.03446  0.008497         0   0.04296        30       416     0.894    0.7308    0.7892    0.4062   0.04091  0.007262         0
   112/299     7.29G    0.0329  0.009026         0   0.04193        40       416    0.8387    0.7498    0.7912    0.3808   0.04378  0.007525         0
   113/299     7.29G   0.03179  0.007843         0   0.03963        33       416    0.9166      0.74    0.8193    0.3931   0.04239  0.007279         0
   114/299     7.29G   0.03099  0.007441         0   0.03843        21       416    0.8925    0.7981    0.8457    0.4365   0.03947  0.007425         0
   115/299     7.29G   0.03068  0.008169         0   0.03885        33       416    0.8924    0.7978    0.8526     0.453   0.03643  0.007258         0
   116/299     7.29G   0.03353  0.008004         0   0.04154        45       416    0.8899    0.7788    0.8172    0.4279   0.03916  0.007336         0
   117/299     7.29G   0.03009   0.00749         0   0.03758        25       416    0.8964      0.75     0.829    0.4397   0.03936  0.007228         0
   118/299     7.29G   0.03166  0.008004         0   0.03966        49       416    0.9059    0.7404    0.8243    0.4338   0.03827  0.006963         0
   119/299     7.29G   0.03279  0.008109         0    0.0409        31       416    0.8998    0.7788     0.852     0.467   0.03695  0.006904         0
   120/299     7.29G   0.03046  0.007341         0    0.0378        29       416     0.851    0.7692    0.8215    0.4625   0.03806  0.007051         0
   121/299     7.29G    0.0301  0.008384         0   0.03848        39       416    0.9053    0.7404    0.7926    0.4345   0.04003   0.00747         0
   122/299     7.29G   0.02962  0.008065         0   0.03768        38       416    0.9194    0.7692    0.8103    0.4058   0.04082   0.00811         0
   123/299     7.29G   0.03105  0.006816         0   0.03786        34       416    0.9221     0.797    0.8321    0.4338   0.03927  0.008261         0
   124/299     7.29G   0.02698  0.006641         0   0.03362        31       416    0.8494    0.7596    0.7964     0.447   0.04023  0.008268         0
   125/299     7.29G   0.03113   0.00768         0   0.03881        37       416    0.8817    0.7883    0.8345     0.422   0.03968  0.007554         0
   126/299     7.29G    0.0303  0.006839         0   0.03714        48       416    0.8758      0.75    0.8045    0.4241   0.03893  0.008544         0
   127/299     7.29G   0.03057  0.006312         0   0.03689        31       416    0.8417    0.7692     0.807    0.4378   0.03915  0.008126         0
   128/299     7.29G   0.02882  0.007576         0    0.0364        48       416    0.8571    0.7499    0.7945    0.4047   0.03977  0.008513         0
   129/299     7.29G   0.03018  0.006384         0   0.03657        29       416    0.8939    0.7308     0.802    0.4016   0.03966  0.007725         0
   130/299     7.29G   0.03016  0.007631         0   0.03779        29       416    0.8294    0.7013     0.737    0.3614   0.03865   0.01004         0
   131/299     7.29G   0.02986  0.007552         0   0.03741        37       416    0.9111     0.788    0.8585    0.4188   0.03669  0.007536         0
   132/299     7.29G   0.02668  0.007805         0   0.03449        33       416    0.9294    0.7595    0.8309    0.4073   0.03919     0.008         0
   133/299     7.29G   0.02855  0.007045         0    0.0356        22       416    0.9397    0.7498    0.8239     0.416   0.03935  0.007972         0
   134/299     7.29G   0.02672  0.007111         0   0.03384        38       416    0.9412    0.7691     0.825    0.4119   0.04027  0.008494         0
   135/299     7.29G   0.02842  0.006954         0   0.03538        30       416    0.8569    0.8077    0.8201    0.4157   0.03956  0.008288         0
   136/299     7.29G   0.02785  0.006849         0    0.0347        22       416    0.8484    0.8073    0.8222    0.4116      0.04  0.008249         0
   137/299     7.29G    0.0253  0.006567         0   0.03187        31       416    0.8569      0.75    0.8159    0.4004   0.04021   0.00843         0
   138/299     7.29G   0.02696  0.006798         0   0.03376        54       416    0.8804    0.7788    0.8127    0.4242    0.0393  0.007919         0
   139/299     7.29G   0.02819  0.007412         0    0.0356        34       416    0.8586    0.8171     0.856     0.456   0.03781  0.007582         0
   140/299     7.29G    0.0271  0.006813         0   0.03391        34       416    0.9397      0.75    0.8147    0.4322   0.03915  0.008692         0
   141/299     7.29G   0.02672  0.006662         0   0.03338        28       416    0.9333    0.8077    0.8698    0.4563   0.03883  0.007194         0
   142/299     7.29G   0.02598  0.007487         0   0.03346        31       416    0.8811    0.8554    0.8581    0.4605   0.03755   0.00721         0
   143/299     7.29G   0.02604  0.006958         0     0.033        27       416    0.8969    0.8365    0.8449    0.4469   0.03838  0.007602         0
   144/299     7.29G   0.02863  0.006746         0   0.03538        31       416     0.914    0.8171    0.8502    0.4509   0.03814  0.007615         0
   145/299     7.29G   0.02562  0.006549         0   0.03217        23       416    0.9062    0.8365     0.866    0.4538   0.03766  0.007763         0
   146/299     7.29G    0.0241  0.006444         0   0.03054        32       416    0.8842    0.8076    0.8886    0.4533   0.03711  0.007961         0
   147/299     7.29G   0.02678  0.006607         0   0.03339        33       416    0.9302    0.7692    0.8839    0.4588   0.03734  0.008334         0
   148/299     7.29G    0.0276  0.007759         0   0.03536        39       416    0.9325    0.8077    0.8656     0.436   0.03827   0.00819         0
   149/299     7.29G   0.02816  0.007026         0   0.03518        38       416    0.9552    0.8269    0.8983    0.4309   0.03919  0.007549         0
   150/299     7.29G   0.02643  0.006412         0   0.03284        34       416    0.8988    0.8558    0.9011    0.4659   0.03761  0.007721         0
   151/299     7.29G   0.02617  0.005651         0   0.03182        28       416    0.8381    0.8461    0.8627    0.4616   0.03693   0.00778         0
   152/299     7.29G   0.02688  0.006848         0   0.03373        28       416    0.9286      0.75    0.8251    0.4464   0.03818  0.007832         0
   153/299     7.29G   0.02385  0.006323         0   0.03017        31       416    0.8733    0.7308    0.7891    0.4312   0.03919  0.008035         0
   154/299     7.29G     0.025  0.006901         0    0.0319        34       416    0.8614    0.7212    0.7912     0.426   0.04049  0.008557         0
   155/299     7.29G   0.02588  0.006509         0   0.03239        23       416    0.8791    0.7692    0.8231     0.436   0.03889   0.00808         0
   156/299     7.29G   0.02487  0.007125         0   0.03199        31       416    0.9418    0.7786    0.8239    0.4409   0.03798   0.00753         0
   157/299     7.29G   0.02345  0.006849         0    0.0303        47       416    0.9158    0.8364    0.8623    0.4617   0.03674  0.007422         0
   158/299     7.29G    0.0224  0.005814         0   0.02822        36       416    0.9032    0.8076    0.8283    0.4312   0.03869  0.008011         0
   159/299     7.29G   0.02482  0.006472         0   0.03129        18       416    0.9045    0.7308    0.8133    0.4334   0.03991  0.008654         0
   160/299     7.29G   0.02455  0.006458         0   0.03101        27       416    0.9374    0.7212    0.8245    0.4465   0.04013  0.008324         0
   161/299     7.29G   0.02427  0.006221         0   0.03049        24       416    0.9285      0.75    0.8106    0.4377   0.04069  0.008928         0
   162/299     7.29G   0.02389  0.005937         0   0.02982        36       416    0.9417    0.7788    0.8133    0.4337   0.04017  0.009381         0
   163/299     7.29G   0.02598  0.006641         0   0.03262        42       416    0.9286    0.7596    0.8089    0.4431   0.03928  0.009145         0
   164/299     7.29G   0.02504  0.006629         0   0.03167        37       416    0.9111    0.7885     0.836    0.4537    0.0388  0.008837         0
   165/299     7.29G   0.02423  0.006013         0   0.03025        26       416    0.9166    0.7402     0.809    0.4412   0.03984  0.008809         0
   166/299     7.29G   0.02289  0.006233         0   0.02913        40       416    0.9022     0.798    0.8452    0.4555   0.03766  0.008326         0
   167/299     7.29G   0.02551  0.006467         0   0.03198        37       416    0.9633    0.7692    0.8563    0.4565    0.0378  0.007598         0
   168/299     7.29G   0.02562  0.006461         0   0.03208        33       416    0.9424    0.7885    0.8594    0.4365   0.03807  0.007506         0
   169/299     7.29G   0.02457  0.006338         0   0.03091        29       416     0.954    0.7981    0.8664    0.4434   0.03851  0.007601         0
   170/299     7.29G   0.02481  0.006069         0   0.03087        35       416    0.9175    0.8557     0.867    0.4453   0.03851   0.00739         0
   171/299     7.29G   0.02455  0.006796         0   0.03134        38       416     0.956    0.8365    0.8747    0.4551   0.03709   0.00735         0
   172/299     7.29G   0.02482  0.006902         0   0.03173        47       416     0.945    0.8269    0.8757    0.4719    0.0364   0.00711         0
   173/299     7.29G   0.02377   0.00641         0   0.03018        35       416    0.9345    0.8269    0.8743    0.4465   0.03871  0.007647         0
   174/299     7.29G   0.02412  0.006253         0   0.03037        29       416    0.9157    0.8365    0.8701    0.4535   0.03713  0.007478         0
   175/299     7.29G   0.02526  0.006205         0   0.03146        42       416     0.945    0.8269    0.8765    0.4541   0.03773  0.007496         0
   176/299     7.29G    0.0236  0.006382         0   0.02998        39       416    0.8599    0.8269    0.8429    0.4475   0.03724  0.008253         0
   177/299     7.29G   0.02127  0.006588         0   0.02786        44       416    0.9642    0.7788    0.8568    0.4769    0.0377  0.007726         0
   178/299     7.29G    0.0225  0.006101         0    0.0286        31       416    0.9659     0.817    0.8967    0.4744   0.03651  0.007035         0
   179/299     7.29G   0.02403  0.006516         0   0.03054        37       416     0.955    0.8173    0.8853    0.4877   0.03568  0.007021         0
   180/299     7.29G   0.02401  0.006136         0   0.03014        45       416    0.9072    0.8462    0.8745     0.454   0.03663  0.007303         0
   181/299     7.29G   0.02274  0.005682         0   0.02842        35       416    0.9032    0.8077    0.8659    0.4568   0.03692  0.007868         0
   182/299     7.29G   0.02145  0.005952         0   0.02741        34       416    0.8694    0.8365    0.8712    0.4551   0.03784  0.007654         0
   183/299     7.29G   0.02453   0.00616         0   0.03069        33       416    0.9412    0.7692    0.8684    0.4713   0.03641  0.007442         0
   184/299     7.29G   0.02186  0.006358         0   0.02822        58       416    0.9749    0.7692    0.8721    0.4787   0.03599  0.007803         0
   185/299     7.29G   0.02008  0.004988         0   0.02507        34       416    0.9437    0.8077    0.8801    0.4797    0.0367  0.007482         0
   186/299     7.29G   0.02243  0.005855         0   0.02828        36       416    0.9638    0.7686    0.8762    0.4673   0.03778  0.007818         0
   187/299     7.29G   0.02245  0.006085         0   0.02854        23       416    0.9524     0.769    0.8805    0.4529   0.03765  0.007747         0
   188/299     7.29G   0.02114  0.006254         0   0.02739        48       416    0.8946    0.8173    0.8592    0.4577   0.03705  0.007667         0
   189/299     7.29G   0.02108  0.006301         0   0.02738        24       416    0.8936    0.8077    0.8572     0.462   0.03876  0.007787         0
   190/299     7.29G   0.02091  0.005076         0   0.02598        36       416    0.9641    0.7788    0.8659    0.4551   0.03786  0.008286         0
   191/299     7.29G   0.02215   0.00654         0   0.02869        45       416    0.9229    0.8077    0.8613    0.4398   0.03968  0.008356         0
   192/299     7.29G   0.02182  0.005608         0   0.02743        36       416    0.9205    0.7788    0.8424    0.4386   0.03986  0.008252         0
   193/299     7.29G   0.02191  0.005758         0   0.02767        27       416    0.9316    0.7885    0.8355    0.4658   0.03801  0.008023         0
   194/299     7.29G   0.02196  0.006034         0   0.02799        52       416    0.9444    0.8172    0.8482    0.4499   0.03711  0.007913         0
   195/299     7.29G   0.02303  0.006237         0   0.02927        52       416    0.9655    0.8076    0.8862    0.4563   0.03724  0.007823         0
   196/299     7.29G   0.02164   0.00586         0    0.0275        34       416     0.931    0.7788    0.8504     0.451   0.03784  0.007839         0
   197/299     7.29G   0.02389  0.006746         0   0.03063        27       416     0.931    0.7788    0.8385    0.4391   0.03884  0.008197         0
   198/299     7.29G   0.02061  0.005543         0   0.02615        31       416    0.9275    0.7404    0.8198    0.4415   0.03904  0.008318         0
   199/299     7.29G    0.0204   0.00576         0   0.02616        26       416    0.9524    0.7692    0.8532    0.4492   0.03809  0.008254         0
   200/299     7.29G   0.02094  0.006301         0   0.02724        19       416    0.9411    0.7692    0.8516    0.4329   0.03881  0.008051         0
   201/299     7.29G   0.02147  0.005828         0    0.0273        31       416    0.8347     0.875     0.865    0.4631   0.03656   0.00801         0
   202/299     7.29G   0.02038  0.005639         0   0.02602        43       416    0.8878    0.8365    0.8978    0.4736   0.03685  0.008054         0
   203/299     7.29G   0.02052  0.005532         0   0.02605        43       416    0.8532    0.8942    0.8841    0.4757   0.03586  0.007854         0
   204/299     7.29G   0.02094  0.006464         0    0.0274        39       416    0.8349     0.875    0.8818    0.4543   0.03716  0.007831         0
   205/299     7.29G   0.02089  0.005926         0   0.02681        29       416    0.8437    0.8846    0.8932    0.4648   0.03666  0.007993         0
   206/299     7.29G    0.0198  0.004909         0   0.02471        34       416     0.913    0.8076    0.8683    0.4695   0.03674  0.008252         0
   207/299     7.29G   0.02096  0.005142         0   0.02611        24       416    0.9031    0.8077    0.8607    0.4684   0.03683  0.008541         0
   208/299     7.29G   0.02144  0.006116         0   0.02755        40       416    0.9524    0.7688    0.8567    0.4769   0.03653  0.008578         0
   209/299     7.29G   0.02019  0.005336         0   0.02553        13       416    0.8958    0.8269    0.8777     0.474    0.0368   0.00827         0
   210/299     7.29G   0.01937  0.005915         0   0.02528        26       416    0.9121    0.7981    0.8816    0.4866   0.03631  0.007954         0
   211/299     7.29G   0.02094   0.00516         0    0.0261        17       416    0.8409    0.8654    0.8841    0.4787   0.03713  0.007952         0
   212/299     7.29G   0.02212  0.005747         0   0.02787        34       416     0.896    0.8365    0.8925    0.4818   0.03601  0.007937         0
   213/299     7.29G   0.01908  0.005397         0   0.02448        43       416     0.954    0.7981    0.9029    0.4936   0.03513  0.008069         0
   214/299     7.29G   0.01894  0.005909         0   0.02485        45       416    0.9419    0.7788    0.8895    0.4754   0.03643  0.008247         0
   215/299     7.29G   0.01948  0.005798         0   0.02528        50       416    0.9326     0.798    0.8867    0.4665   0.03682  0.008267         0
   216/299     7.29G   0.01996  0.005736         0    0.0257        24       416    0.9529    0.7788    0.8854    0.4548   0.03747  0.008298         0
   217/299     7.29G   0.01781  0.005023         0   0.02284        27       416    0.9195    0.7692    0.8443    0.4323   0.03983  0.009118         0
   218/299     7.29G   0.02032  0.005619         0   0.02593        32       416    0.8632    0.7884    0.8431    0.4653   0.03843  0.008957         0
   219/299     7.29G   0.01775  0.004996         0   0.02275        31       416    0.8989    0.7691    0.8547     0.484   0.03707  0.008799         0
   220/299     7.29G   0.01758  0.005028         0   0.02261        33       416     0.975    0.7692    0.8821    0.4966   0.03534  0.008941         0
   221/299     7.29G   0.01941  0.005548         0   0.02495        37       416    0.8684    0.8269     0.854    0.4805   0.03507   0.00842         0
   222/299     7.29G   0.01803  0.005331         0   0.02336        27       416    0.8711    0.8462    0.8647    0.4863    0.0362  0.008506         0
   223/299     7.29G    0.0206  0.005202         0   0.02581        23       416    0.8774    0.8269    0.8615    0.4737    0.0355  0.008384         0
   224/299     7.29G   0.02004  0.005208         0   0.02525        35       416    0.9158    0.8364    0.8853    0.5031   0.03516  0.008527         0
   225/299     7.29G   0.01832  0.005057         0   0.02337        30       416    0.9147    0.8269    0.8849    0.5029   0.03483  0.007921         0
   226/299     7.29G    0.0175  0.004988         0   0.02249        26       416    0.9031    0.8077    0.8639    0.4935   0.03491  0.008668         0
   227/299     7.29G   0.01945  0.005515         0   0.02497        44       416     0.913    0.8068    0.8605      0.49   0.03512  0.008957         0
   228/299     7.29G   0.01842  0.005333         0   0.02376        39       416    0.9755    0.7885    0.8938     0.496   0.03509  0.008461         0
   229/299     7.29G    0.0182  0.005231         0   0.02343        48       416    0.9255    0.8364    0.8852     0.492   0.03505  0.008563         0
   230/299     7.29G   0.01838   0.00558         0   0.02396        36       416     0.898    0.8461    0.8895    0.4841   0.03623  0.008027         0
   231/299     7.29G   0.02173  0.005518         0   0.02724        28       416    0.9333    0.8077    0.8746    0.4807   0.03613  0.007929         0
   232/299     7.29G   0.01922  0.005356         0   0.02457        38       416    0.9228    0.8077    0.8733     0.474     0.037  0.008048         0
   233/299     7.29G   0.01703  0.004425         0   0.02146        26       416    0.9643    0.7788    0.8768    0.4826   0.03582  0.008249         0
   234/299     7.29G   0.01666  0.004693         0   0.02135        32       416    0.8627    0.8461    0.8922    0.4887   0.03651  0.008112         0
   235/299     7.29G   0.01884  0.005459         0    0.0243        50       416     0.911    0.7885    0.8773     0.477   0.03737  0.008385         0
   236/299     7.29G   0.01734  0.004841         0   0.02218        26       416    0.9212    0.7885    0.8635    0.4646   0.03769  0.008881         0
   237/299     7.29G   0.01737  0.004899         0   0.02227        35       416    0.9043    0.8173    0.8689    0.4741   0.03708  0.008747         0
   238/299     7.29G   0.01745  0.005258         0    0.0227        40       416    0.9204    0.7788    0.8358     0.445   0.03743  0.009359         0
   239/299     7.29G   0.01874  0.005493         0   0.02423        23       416     0.911    0.7885    0.8409    0.4359    0.0375  0.008995         0
   240/299     7.29G   0.01926  0.005558         0   0.02482        36       416    0.9522    0.7692    0.8558    0.4515   0.03755  0.008694         0
   241/299     7.29G   0.01805  0.004988         0   0.02304        29       416    0.9628      0.75    0.8678    0.4518   0.03746  0.008607         0
   242/299     7.29G   0.01659   0.00524         0   0.02183        41       416    0.9302    0.7692    0.8225    0.4489   0.03825  0.008788         0
   243/299     7.29G   0.01612  0.004561         0   0.02068        28       416    0.9042    0.8172    0.8479    0.4627    0.0377   0.00888         0
   244/299     7.29G   0.01725  0.004748         0     0.022        41       416     0.907    0.8462    0.8471    0.4619   0.03655  0.008605         0
   245/299     7.29G   0.01649   0.00508         0   0.02157        29       416    0.8889    0.8459    0.8708     0.479   0.03614  0.008523         0
   246/299     7.29G    0.0167  0.005599         0    0.0223        30       416    0.9231    0.8076    0.8707    0.4808   0.03591   0.00847         0
   247/299     7.29G   0.01705  0.005286         0   0.02233        53       416    0.9222    0.7981    0.8697    0.4924   0.03557  0.008452         0
   248/299     7.29G   0.01727  0.004727         0     0.022        30       416    0.9529    0.7784    0.8619    0.4852   0.03581  0.008564         0
   249/299     7.29G    0.0182  0.004791         0   0.02299        25       416    0.9523    0.7692    0.8566    0.4704   0.03602  0.008864         0
   250/299     7.29G   0.01599  0.005331         0   0.02132        34       416    0.9638     0.769    0.8585    0.4807   0.03566  0.008441         0
   251/299     7.29G   0.01772  0.005176         0   0.02289        35       416    0.9647    0.7884    0.8662    0.4862   0.03532  0.008253         0
   252/299     7.29G   0.01624  0.005331         0   0.02157        47       416    0.9425    0.7884    0.8537    0.4843    0.0358  0.008342         0
   253/299     7.29G   0.01645  0.005393         0   0.02184        39       416    0.9333    0.8077    0.8434    0.4741   0.03655  0.008472         0
   254/299     7.29G   0.01587  0.004841         0   0.02071        26       416    0.9647    0.7877    0.8581     0.483   0.03645  0.008501         0
   255/299     7.29G   0.01679   0.00517         0   0.02196        42       416    0.9438    0.8077    0.8525    0.4924   0.03612  0.008341         0
   256/299     7.29G    0.0148  0.004222         0   0.01902        36       416    0.9539    0.7981    0.8683    0.4915   0.03547   0.00874         0
   257/299     7.29G   0.01643  0.004532         0   0.02096        30       416    0.9647    0.7885    0.8723    0.4869   0.03541  0.009101         0
   258/299     7.29G   0.01604  0.004451         0   0.02049        26       416    0.9228    0.8077    0.8628    0.4793   0.03615  0.009241         0
   259/299     7.29G    0.0166  0.005097         0    0.0217        32       416    0.8794    0.8462    0.8613    0.4809   0.03596  0.009291         0
   260/299     7.29G   0.01527   0.00465         0   0.01992        23       416    0.8713    0.8462    0.8626      0.48   0.03586  0.009363         0
   261/299     7.29G   0.01518  0.004351         0   0.01953        19       416      0.88     0.846    0.8625    0.4745   0.03628  0.009264         0
   262/299     7.29G   0.01569  0.004973         0   0.02066        37       416    0.9052    0.8269     0.877    0.4867   0.03578  0.008726         0
   263/299     7.29G   0.01595   0.00425         0    0.0202        32       416    0.9438    0.8077    0.8793    0.4829   0.03587  0.008348         0
   264/299     7.29G   0.01523  0.004478         0   0.01971        23       416    0.9545    0.8076    0.8738    0.4833   0.03643  0.008421         0
   265/299     7.29G   0.01637  0.004966         0   0.02134        33       416    0.9545    0.8073    0.8774    0.4717    0.0364  0.008538         0
   266/299     7.29G   0.01514  0.004608         0   0.01975        23       416    0.9239    0.8173    0.8744    0.4761   0.03579  0.008735         0
   267/299     7.29G    0.0146  0.004167         0   0.01877        32       416    0.8798    0.8462    0.8739    0.4778   0.03541  0.008897         0
   268/299     7.29G   0.01613  0.004957         0   0.02109        33       416    0.8612    0.8356     0.843    0.4798   0.03506  0.009009         0
   269/299     7.29G   0.01577  0.004298         0   0.02007        28       416    0.8812    0.8557    0.8642    0.4826   0.03495  0.008953         0
   270/299     7.29G   0.01502  0.004213         0   0.01924        37       416    0.8811    0.8558    0.8691    0.4841   0.03491  0.008779         0
   271/299     7.29G   0.01529  0.004591         0   0.01988        36       416    0.8811    0.8558    0.8795    0.4916   0.03452  0.008677         0
   272/299     7.29G   0.01607  0.004752         0   0.02082        40       416    0.9239    0.8169    0.8713    0.4926    0.0344  0.008557         0
   273/299     7.29G   0.01455  0.005002         0   0.01955        31       416     0.883    0.8846    0.8861    0.5001   0.03476  0.008493         0
   274/299     7.29G   0.01425  0.004384         0   0.01864        26       416    0.8902    0.8654     0.885    0.4974   0.03513  0.008433         0
   275/299     7.29G   0.01489  0.004681         0   0.01957        20       416     0.876    0.8846    0.8908    0.4945   0.03477  0.008433         0
   276/299     7.29G   0.01541  0.004566         0   0.01997        37       416    0.8845    0.8846    0.8854    0.5037   0.03478  0.008483         0
   277/299     7.29G   0.01506  0.004292         0   0.01936        20       416    0.8759    0.8846    0.8842    0.5083   0.03486  0.008494         0
   278/299     7.29G   0.01452  0.004347         0   0.01886        43       416    0.8911    0.8654    0.8853    0.5108   0.03459  0.008693         0
   279/299     7.29G   0.01407  0.004582         0   0.01865        50       416    0.8911    0.8654    0.8844    0.4952     0.035  0.008769         0
   280/299     7.29G   0.01411  0.004293         0   0.01841        31       416    0.9082    0.8557     0.888     0.492    0.0353  0.008795         0
   281/299     7.29G   0.01472  0.004072         0    0.0188        40       416    0.8966    0.8462    0.8871     0.494   0.03537  0.009089         0
   282/299     7.29G   0.01484  0.004341         0   0.01918        36       416    0.8888    0.8462    0.8931    0.4999   0.03516   0.00917         0
   283/299     7.29G   0.01534  0.004595         0   0.01993        50       416    0.8374    0.8942    0.8923    0.4955   0.03529  0.009175         0
   284/299     7.29G   0.01354   0.00399         0   0.01753        25       416    0.9647    0.7884    0.8855    0.4929   0.03545  0.009131         0
   285/299     7.29G   0.01552  0.004507         0   0.02003        31       416    0.9149    0.8269    0.8796    0.4924    0.0351  0.008989         0
   286/299     7.29G   0.01343  0.004568         0     0.018        21       416    0.8958    0.8269    0.8635     0.487   0.03508  0.009035         0
   287/299     7.29G   0.01527  0.004972         0   0.02025        23       416    0.9326    0.7979    0.8709    0.4984   0.03496   0.00905         0
   288/299     7.29G   0.01502  0.004707         0   0.01973        35       416    0.9545    0.8077    0.8772    0.4992   0.03469  0.009049         0
   289/299     7.29G   0.01341  0.004356         0   0.01777        44       416    0.8738    0.8652    0.8847    0.4941    0.0351   0.00906         0
   290/299     7.29G   0.01417  0.004679         0   0.01885        33       416    0.9081    0.8558    0.8845    0.4962   0.03532  0.008779         0
   291/299     7.29G   0.01438  0.004437         0   0.01882        31       416    0.9082    0.8557    0.8926    0.4947   0.03505  0.008578         0
   292/299     7.29G   0.01357  0.004401         0   0.01797        28       416       0.9    0.8653    0.8858    0.4988   0.03498  0.008651         0
   293/299     7.29G   0.01431  0.004703         0   0.01901        18       416    0.9072    0.8461    0.8894    0.4978   0.03461  0.008903         0
   294/299     7.29G   0.01398   0.00417         0   0.01815        36       416    0.8879    0.8462    0.8891    0.4844   0.03512  0.008984         0
   295/299     7.29G   0.01519  0.004759         0   0.01995        21       416    0.9052    0.8269    0.8903    0.4887   0.03534  0.009005         0
   296/299     7.29G   0.01413  0.004825         0   0.01896        30       416    0.8979     0.846    0.8958    0.4837   0.03515  0.009169         0
   297/299     7.29G   0.01359  0.003658         0   0.01724        14       416    0.8504    0.8743    0.8797    0.4818   0.03548  0.008996         0
   298/299     7.29G   0.01434  0.004829         0   0.01917        49       416    0.8811    0.8558    0.8879    0.4809   0.03591  0.008985         0
   299/299     7.29G   0.01279  0.004276         0   0.01707        22       416    0.8725    0.8557    0.8839    0.4876   0.03555   0.00911         0
