200520_111_5163_19.txt 3 0.1611 0.1178 0.2188 0.1154 100
200521_133_21619_3.txt 14 0.6779 0.3942 0.0601 0.0938 100
200520_133_4128_13.txt 2 0.5577 0.1947 0.1514 0.2212 100
200520_133_4128_13.txt 2 0.4976 0.3053 0.1683 0.1995 100
200520_133_4128_13.txt 2 0.5288 0.7837 0.2332 0.2139 100
200520_133_6002_2.txt 2 0.8966 0.5601 0.1202 0.1707 50
200520_133_8593_3.txt 3 0.3341 0.1947 0.0986 0.2452 100
200521_133_20904_0.txt 2 0.3774 0.8317 0.1755 0.1659 100
200520_133_8593_5.txt 3 0.2476 0.7019 0.1923 0.2452 75
200520_133_8593_5.txt 3 0.5168 0.7284 0.2476 0.2115 100
200520_133_8593_5.txt 3 0.0655 0.7452 0.131 0.1851 50
200520_133_8593_5.txt 3 0.0673 0.8413 0.0865 0.2332 75
200520_111_4903_1.txt 8 0.0769 0.5312 0.0529 0.0817 100
200521_111_16716_3.txt 9 0.8365 0.4423 0.125 0.1779 100
200520_133_4129_8.txt 2 0.884 0.2308 0.232 0.2043 100
200520_133_4129_8.txt 2 0.0962 0.5673 0.1851 0.125 50
200520_133_4129_8.txt 2 0.0877 0.649 0.1755 0.2139 50
200521_111_16717_18.txt 9 0.2043 0.9387 0.1394 0.1226 100
200521_133_21631_7.txt 13 0.1394 0.1562 0.0433 0.0529 100
200520_133_2986_0.txt 2 0.5048 0.6947 0.1442 0.4062 100
200520_133_2986_0.txt 2 0.7981 0.9087 0.1322 0.1827 100
200520_133_6003_6.txt 2 0.3798 0.9038 0.1394 0.1923 100
200520_133_6003_6.txt 2 0.2548 0.9249 0.0986 0.1502 50
200520_133_6003_7.txt 2 0.4712 0.3149 0.0793 0.125 75
200520_133_6003_7.txt 2 0.512 0.3486 0.1587 0.1611 100
200520_133_6003_7.txt 2 0.7404 0.375 0.2284 0.2139 100
200520_133_6003_7.txt 2 0.6538 0.4639 0.2019 0.1611 100
200520_133_6003_7.txt 2 0.7452 0.8654 0.1202 0.1995 100
200520_133_6003_7.txt 2 0.637 0.9207 0.1514 0.1587 100
200520_133_6003_7.txt 2 0.101 0.9399 0.2019 0.1202 50
200520_111_5270_4.txt 9 0.7909 0.8534 0.1611 0.1755 100
200521_133_21631_4.txt 13 0.9838 0.2692 0.0325 0.0457 100
200520_133_8592_16.txt 3 0.4471 0.4615 0.2212 0.1106 75
200520_133_8592_16.txt 3 0.3582 0.5457 0.274 0.1346 75
200521_111_16703_0.txt 9 0.3365 0.6298 0.0673 0.113 100
200520_111_5162_4.txt 3 0.6034 0.5673 0.1947 0.0625 75
200521_133_21620_12.txt 14 0.8293 0.7692 0.0601 0.0913 100
200520_133_8592_0.txt 3 0.4495 0.1148 0.1322 0.2296 100
200520_133_8592_0.txt 3 0.4495 0.5577 0.1322 0.2692 100
200520_133_8592_0.txt 3 0.8462 0.7091 0.0721 0.2572 100
200520_133_8592_0.txt 3 0.75 0.7596 0.1394 0.226 100
200520_133_8592_9.txt 3 0.2115 0.6995 0.2139 0.1875 100
200520_133_5877_1.txt 8 0.3221 0.5625 0.0457 0.0649 100
200520_133_4128_11.txt 2 0.7188 0.1562 0.2548 0.1995 100
200520_133_4128_11.txt 2 0.6178 0.2524 0.2332 0.1947 100
200520_133_4128_11.txt 2 0.2332 0.8317 0.2115 0.2212 100
200520_133_4128_4.txt 2 0.9543 0.4399 0.0913 0.2933 100
200520_111_4920_1.txt 7 0.512 0.6082 0.2188 0.1514 100
200521_133_21621_4.txt 14 0.8149 0.1947 0.0529 0.0601 100
200520_133_8593_0.txt 3 0.1995 0.4087 0.1659 0.2788 100
200521_111_16716_8.txt 8 0.979 0.6803 0.0421 0.0529 100
200521_111_16716_8.txt 8 0.8726 0.8149 0.0793 0.0577 100
200521_133_14244_0.txt 9 0.0962 0.8413 0.1562 0.1178 100
200521_133_21621_7.txt 14 0.7043 0.8534 0.0601 0.0601 100
200521_133_21621_8.txt 14 0.6851 0.1587 0.0457 0.0673 100
200520_133_4129_0.txt 2 0.6514 0.7404 0.2668 0.1995 100
200520_133_4129_0.txt 2 0.8804 0.774 0.2392 0.1995 100
200520_133_4129_0.txt 2 0.6154 0.8654 0.2332 0.1875 100
200520_133_4129_0.txt 2 0.9002 0.9087 0.1995 0.1779 100
200520_111_5967_4.txt 8 0.9669 0.3389 0.0661 0.0433 100
200520_133_4129_1.txt 2 0.5577 0.5601 0.1514 0.1683 100
200520_133_4129_1.txt 2 0.4736 0.7308 0.274 0.2524 100
200520_111_5162_14.txt 3 0.2163 0.0331 0.1947 0.0661 75
200520_133_6002_0.txt 2 0.2236 0.9423 0.1322 0.1154 100
200520_111_4897_3.txt 7 0.2332 0.7764 0.0529 0.0841 100
200521_133_21631_1.txt 13 0.9014 0.9784 0.0529 0.0312 100
200520_111_5162_11.txt 3 0.6875 0.9712 0.2043 0.0577 75
200520_111_2974_1.txt 9 0.2957 0.1346 0.1226 0.1466 100
200520_111_4292_0.txt 2 0.6947 0.5264 0.1587 0.2524 50
200520_111_4292_0.txt 2 0.1851 0.7933 0.2933 0.1514 50
200520_111_4292_0.txt 2 0.4712 0.8419 0.1394 0.3161 100
200520_111_4292_0.txt 2 0.5553 0.9141 0.0865 0.1719 50
200520_111_4292_0.txt 2 0.1442 0.9147 0.2332 0.1707 50
200520_111_4292_1.txt 2 0.7957 0.4423 0.1322 0.2716 50
200520_133_5876_1.txt 9 0.8149 0.9014 0.113 0.0889 100
200520_111_5968_3.txt 7 0.6683 0.9159 0.0769 0.125 100
200520_111_5162_15.txt 3 0.3486 0.1995 0.2139 0.0793 50
200520_111_5162_15.txt 3 0.4856 0.7524 0.2043 0.0986 50
200521_133_20905_2.txt 2 0.0649 0.0805 0.1298 0.1611 100
200520_111_5035_3.txt 2 0.6707 0.1334 0.125 0.2668 50
200520_111_5035_3.txt 2 0.5288 0.1707 0.113 0.2885 75
200521_111_21717_1.txt 14 0.1178 0.3293 0.0625 0.0962 100
200521_133_21620_0.txt 14 0.5745 0.5673 0.0361 0.0409 100
200521_133_21632_0.txt 13 0.982 0.9279 0.0361 0.0433 100
200521_111_16716_11.txt 9 0.7332 0.9219 0.0865 0.1562 100
200521_111_16726_5.txt 9 0.1466 0.5048 0.0697 0.0865 100
200520_133_8592_10.txt 3 0.113 0.2692 0.2043 0.1707 100
200520_111_5163_18.txt 3 0.9279 0.5649 0.1442 0.0841 50
200521_111_16715_5.txt 9 0.875 0.2356 0.0889 0.125 100
200520_111_5163_3.txt 3 0.4784 0.6827 0.1755 0.0938 75
200520_111_5163_2.txt 3 0.8966 0.8101 0.2043 0.1274 100
200520_111_5163_2.txt 3 0.9405 0.8101 0.119 0.125 50
200520_133_11108_2.txt 10 0.6851 0.0649 0.2043 0.0986 100
200521_133_16144_3.txt 9 0.8534 0.5697 0.125 0.0986 100
200520_133_4129_12.txt 2 0.6202 0.1851 0.125 0.2933 100
200521_111_16715_3.txt 9 0.9609 0.5529 0.0781 0.0913 100
200520_133_4129_2.txt 2 0.9207 0.1094 0.1587 0.2188 100
200521_133_21620_6.txt 14 0.3221 0.6635 0.1058 0.0553 100
200521_111_16717_11.txt 9 0.0415 0.4928 0.0829 0.1106 100
200520_111_5163_6.txt 3 0.3438 0.9832 0.149 0.0337 50
200521_133_20905_1.txt 2 0.6707 0.3534 0.3534 0.1779 100
200521_133_16144_2.txt 8 0.6851 0.4087 0.0553 0.0697 100
200520_133_5876_2.txt 8 0.4808 0.5216 0.0697 0.0865 100
200521_133_13630_0.txt 17 0.5024 0.6106 0.0793 0.125 100
200520_111_4291_1.txt 2 0.7067 0.0613 0.1394 0.1226 100
200520_111_4291_1.txt 2 0.5986 0.1094 0.1394 0.2188 100
200520_111_5269_0.txt 18 0.5649 0.0487 0.125 0.0974 25
200521_111_16716_5.txt 9 0.2861 0.8606 0.0697 0.2019 100
200521_133_20960_1.txt 2 0.5745 0.7909 0.1442 0.2043 100
200520_133_6003_1.txt 2 0.762 0.3606 0.1418 0.2404 50
200520_133_2986_3.txt 2 0.238 0.1352 0.1322 0.2704 100
200521_111_16716_7.txt 9 0.3221 0.1947 0.1202 0.1755 100
200521_133_16070_3.txt 9 0.3293 0.5625 0.0865 0.0865 100
200521_133_19376_4.txt 2 0.2788 0.2212 0.0986 0.1779 50
200520_133_4129_3.txt 2 0.2837 0.3029 0.1514 0.1683 100
200520_133_4129_3.txt 2 0.2236 0.4856 0.1587 0.1947 100
200520_111_8805_1.txt 3 0.25 0.1346 0.1322 0.1178 50
200520_111_4899_3.txt 7 0.4808 0.9573 0.125 0.0853 100
200521_133_21620_5.txt 14 0.8245 0.637 0.0889 0.0938 100
200520_133_8592_5.txt 3 0.3053 0.2452 0.0865 0.1995 75
200521_133_21631_2.txt 13 0.4255 0.1611 0.0529 0.0385 100
200521_133_21631_2.txt 13 0.8918 0.1683 0.0529 0.0337 100
200521_133_21631_2.txt 13 0.8029 0.4207 0.0529 0.0385 100
200521_133_21631_2.txt 13 0.613 0.649 0.0457 0.0361 100
200521_133_21631_2.txt 14 0.7933 0.9111 0.0601 0.0577 100
200521_133_21631_2.txt 13 0.4423 0.9712 0.0505 0.0361 100
200521_133_21631_9.txt 13 0.2163 0.012 0.0433 0.024 100
200521_133_21631_9.txt 13 0.4952 0.0553 0.0361 0.0553 100
200521_133_21631_9.txt 13 0.1394 0.7933 0.0505 0.0361 100
200521_111_16715_7.txt 9 0.0252 0.4135 0.0505 0.1202 100
200521_111_16715_7.txt 9 0.6322 0.851 0.0889 0.1394 100
200521_133_20905_0.txt 2 0.4183 0.8654 0.3197 0.1707 100
200521_111_16718_1.txt 9 0.7764 0.6779 0.1226 0.1178 100
200520_133_5873_0.txt 8 0.5913 0.0312 0.0721 0.0625 100
200520_111_5162_7.txt 3 0.5264 0.6683 0.1827 0.0577 75
200520_111_5162_7.txt 3 0.4327 0.7067 0.2212 0.0625 75
200520_111_5163_12.txt 3 0.3005 0.9609 0.1851 0.0781 75
200520_133_2986_1.txt 2 0.1707 0.6707 0.113 0.3269 75
200521_133_16070_1.txt 8 0.9772 0.6587 0.0457 0.0793 100
200521_133_21619_4.txt 14 0.2692 0.6611 0.0601 0.0865 100
200520_111_4898_1.txt 7 0.887 0.9327 0.1322 0.1082 100
200520_133_8592_3.txt 3 0.902 0.5745 0.1959 0.1442 100
200520_133_8592_3.txt 3 0.512 0.6178 0.1562 0.2043 100
200520_111_5985_0.txt 7 0.1346 0.4135 0.1779 0.1178 100
200520_111_5163_9.txt 3 0.0541 0.6298 0.1082 0.0697 75
200520_111_4919_2.txt 7 0.1064 0.4471 0.2127 0.1659 100
200521_111_16717_9.txt 9 0.512 0.2163 0.1058 0.1587 100
200521_111_16717_9.txt 9 0.1731 0.3606 0.2043 0.1178 100
200520_111_4920_0.txt 6 0.6442 0.4087 0.0409 0.0889 100
200520_133_8593_10.txt 3 0.7067 0.2668 0.2212 0.2043 75
200520_111_5035_1.txt 2 0.7452 0.1148 0.1947 0.2296 100
200520_111_5035_1.txt 2 0.7692 0.351 0.2043 0.2812 100
200520_111_5035_1.txt 2 0.476 0.4663 0.125 0.2404 50
200520_111_5035_1.txt 2 0.6034 0.4808 0.1442 0.2404 75
200520_111_5035_1.txt 2 0.8606 0.5601 0.1707 0.3269 100
200520_111_8805_0.txt 3 0.4519 0.3966 0.1418 0.1923 50
200520_133_4129_10.txt 2 0.113 0.5553 0.1202 0.2524 100
200521_111_16726_4.txt 9 0.2909 0.6394 0.0697 0.0745 50
200520_133_4129_7.txt 2 0.875 0.4543 0.1394 0.1947 100
200520_133_4129_7.txt 2 0.9213 0.5072 0.1575 0.1611 100
200521_133_19376_3.txt 2 0.1611 0.0625 0.1683 0.0986 100
200521_133_19376_3.txt 2 0.0841 0.1971 0.1394 0.125 100
200521_133_19376_3.txt 2 0.1683 0.2548 0.1394 0.0986 50
200521_133_19376_3.txt 2 0.1514 0.3365 0.1442 0.1058 50
200521_133_19376_3.txt 2 0.0433 0.6514 0.0865 0.1394 100
200521_133_16029_2.txt 9 0.0841 0.5697 0.0625 0.1683 100
200521_133_21632_2.txt 13 0.0865 0.1851 0.0433 0.0481 100
200521_133_21632_2.txt 13 0.0312 0.4519 0.0601 0.0385 100
200521_133_21632_2.txt 13 0.726 0.5096 0.0337 0.0529 100
200521_133_21632_2.txt 13 0.4062 0.5337 0.0409 0.0481 100
200521_133_21632_2.txt 13 0.2043 0.5769 0.0361 0.0529 100
200521_111_16726_0.txt 18 0.4087 0.4303 0.1322 0.3029 100
200521_111_16726_0.txt 18 0.9014 0.6923 0.125 0.2692 100
200521_111_16726_0.txt 18 0.9694 0.7788 0.0613 0.2692 100
200521_111_16726_0.txt 18 0.0529 0.8756 0.1058 0.2488 100
200520_111_9665_0.txt 9 0.4808 0.7115 0.1683 0.1322 100
200520_133_4128_7.txt 2 0.8149 0.6418 0.125 0.125 75
200520_133_4128_7.txt 2 0.9159 0.7163 0.1442 0.2332 100
200520_111_4915_1.txt 6 0.8654 0.2476 0.1298 0.0697 100
200521_133_21620_1.txt 14 0.0186 0.9087 0.0373 0.0673 100
200521_111_16716_12.txt 9 0.3005 0.2668 0.0938 0.0841 100
200520_111_2807_1.txt 7 0.1082 0.8606 0.1683 0.2188 100
200521_133_21632_3.txt 13 0.4014 0.9591 0.0433 0.0481 100
200520_133_8592_18.txt 3 0.0913 0.9447 0.1827 0.1082 50
200521_133_21620_2.txt 14 0.9255 0.1538 0.0601 0.0673 100
200521_111_16703_1.txt 9 0.0841 0.75 0.0697 0.1154 100
200520_133_6003_8.txt 2 0.3918 0.0565 0.0938 0.113 25
200520_133_6003_8.txt 2 0.03 0.5577 0.0601 0.2332 100
200520_133_4128_0.txt 2 0.0829 0.8906 0.1659 0.2188 75
200520_111_4900_0.txt 7 0.5793 0.9399 0.1322 0.1178 100
200520_133_8592_7.txt 3 0.0733 0.3582 0.1466 0.1538 100
200521_133_21621_3.txt 14 0.3221 0.8486 0.0601 0.0697 100
200520_133_4129_9.txt 2 0.8269 0.3173 0.1587 0.2139 50
200521_111_16723_0.txt 9 0.8918 0.351 0.1226 0.0793 100
200521_133_21619_0.txt 14 0.0505 0.2212 0.0529 0.0865 100
200520_133_6002_5.txt 2 0.3221 0.1274 0.1394 0.0793 50
200521_133_21621_18.txt 14 0.2644 0.3726 0.0865 0.0649 100
200520_111_5968_1.txt 7 0.8077 0.7548 0.1851 0.101 100
200521_111_16718_8.txt 9 0.0397 0.9381 0.0793 0.1238 100
200520_111_4901_0.txt 7 0.4159 0.8846 0.149 0.0962 100
200521_111_16722_5.txt 9 0.4784 0.113 0.1418 0.149 100
200521_133_19376_2.txt 2 0.774 0.6418 0.1587 0.1442 50
200521_111_16718_5.txt 9 0.4111 0.351 0.0889 0.137 100
200520_133_4128_8.txt 2 0.1562 0.1298 0.2332 0.2043 75
200521_133_14243_0.txt 9 0.238 0.75 0.1322 0.0962 100
200520_111_5162_9.txt 3 0.7524 0.5048 0.2091 0.0721 75
200521_111_16718_4.txt 9 0.2284 0.1226 0.113 0.1466 100
200520_133_4128_6.txt 2 0.9159 0.0883 0.1226 0.1767 25
200520_133_4128_6.txt 2 0.0312 0.1611 0.0625 0.2332 100
200520_133_4128_6.txt 2 0.0643 0.1803 0.1286 0.2404 100
200520_133_4128_6.txt 2 0.762 0.6226 0.1851 0.2332 25
200520_111_5163_16.txt 3 0.9333 0.4255 0.1334 0.0697 100
200521_133_17310_1.txt 14 0.6346 0.0793 0.0433 0.0673 100
200521_133_16029_4.txt 9 0.7885 0.6514 0.0865 0.113 100
200520_133_5873_1.txt 8 0.2933 0.0625 0.0553 0.0673 100
200521_133_20958_0.txt 2 0.5048 0.6226 0.2019 0.0841 100
200521_133_21621_19.txt 14 0.1322 0.4375 0.0553 0.0625 100
200520_111_4900_6.txt 7 0.2284 0.8582 0.1418 0.1058 100
200520_133_5873_2.txt 8 0.3918 0.4567 0.0697 0.0841 100
200521_133_16029_1.txt 9 0.8702 0.7981 0.0865 0.0986 100
200521_133_16144_0.txt 9 0.6755 0.0343 0.1394 0.0685 100
200520_111_9666_1.txt 14 0.8341 0.1106 0.0697 0.0433 100
200521_133_21621_12.txt 14 0.6971 0.9303 0.0793 0.0649 100
200520_111_8804_0.txt 3 0.0787 0.6514 0.1575 0.149 50
200520_133_4129_5.txt 2 0.9543 0.7115 0.0913 0.2596 100
200520_133_4128_14.txt 2 0.6587 0.5913 0.2332 0.1611 50
200520_133_4128_14.txt 2 0.5601 0.9014 0.2332 0.1779 100
200521_133_21620_8.txt 14 0.8101 0.3846 0.0625 0.0721 100
200520_111_2974_2.txt 17 0.7957 0.7933 0.0817 0.1226 100
200520_133_11108_1.txt 10 0.1947 0.7428 0.1947 0.1514 100
200520_133_11108_1.txt 10 0.6923 0.9621 0.274 0.0757 100
200520_133_8593_1.txt 3 0.875 0.2788 0.1418 0.1514 75
200520_133_8593_1.txt 3 0.5625 0.8558 0.0793 0.2332 75
200521_133_21621_9.txt 14 0.3726 0.4183 0.0962 0.0649 100
200521_133_21621_15.txt 14 0.601 0.5481 0.0865 0.0865 100
200521_133_21621_10.txt 14 0.0986 0.0337 0.0601 0.0625 100
200520_133_11108_0.txt 10 0.7957 0.4688 0.3005 0.1947 100
200521_111_16717_19.txt 9 0.6106 0.1635 0.0986 0.1779 100
200521_111_16122_12.txt 9 0.2837 0.2019 0.0793 0.1707 100
200520_133_4128_9.txt 2 0.7452 0.2236 0.238 0.1779 100
200520_133_4128_9.txt 2 0.6899 0.3101 0.2043 0.113 100
200520_133_10644_1.txt 3 0.8269 0.0547 0.0889 0.1094 100
200520_133_6003_4.txt 2 0.3462 0.6298 0.113 0.2139 100
200520_133_6003_4.txt 2 0.3918 0.7308 0.0986 0.2139 100
200521_133_16070_0.txt 8 0.2981 0.8558 0.0673 0.0649 100
200521_133_21620_10.txt 14 0.7404 0.1971 0.0721 0.0865 100
200520_133_5872_0.txt 8 0.8173 0.6562 0.0601 0.0697 100
200521_133_16029_3.txt 9 0.3438 0.0276 0.0697 0.0553 100
200521_111_16722_1.txt 2 0.0439 0.8966 0.0877 0.1322 100
200521_111_16715_8.txt 9 0.6875 0.4832 0.1418 0.0889 100
200520_111_5162_0.txt 3 0.0607 0.6082 0.1214 0.1418 75
200520_133_6003_5.txt 2 0.762 0.4663 0.1322 0.2933 100
200520_133_6003_5.txt 2 0.8702 0.6923 0.0697 0.1875 25
200520_133_6003_5.txt 2 0.762 0.774 0.1394 0.2524 50
200520_111_5162_1.txt 3 0.6394 0.363 0.1755 0.0649 50
200521_111_16716_10.txt 9 0.1346 0.3413 0.1418 0.1442 100
200520_111_5953_1.txt 7 0.3726 0.9663 0.1226 0.0673 100
200521_111_16717_15.txt 9 0.3582 0.7188 0.0697 0.1707 100
200521_111_16717_12.txt 9 0.5817 0.5481 0.149 0.0889 100
200520_133_4128_10.txt 2 0.1004 0.3005 0.2007 0.1707 100
200520_133_4128_15.txt 2 0.1322 0.0763 0.2284 0.1526 100
200521_133_21632_7.txt 13 0.7524 0.0361 0.0409 0.0649 100
200521_133_21632_7.txt 13 0.5168 0.0889 0.0337 0.0529 100
200521_111_16722_4.txt 9 0.9772 0.7404 0.0457 0.0817 100
200521_133_20906_0.txt 2 0.0907 0.5986 0.1815 0.2596 75
200520_111_8806_0.txt 3 0.7644 0.6226 0.0865 0.2284 100
200520_133_4129_4.txt 2 0.226 0.1755 0.113 0.3029 100
200520_133_4129_4.txt 2 0.125 0.1875 0.1322 0.3221 100
200521_111_21718_0.txt 14 0.5072 0.4231 0.0769 0.1274 100
200520_111_4903_0.txt 8 0.1755 0.2861 0.0433 0.0793 100
200520_111_5162_2.txt 3 0.0589 0.4543 0.1178 0.0625 25
200521_133_21632_1.txt 13 0.6562 0.262 0.0457 0.0385 100
200521_133_21632_1.txt 13 0.8293 0.7404 0.0529 0.0361 100
200520_133_5104_0.txt 3 0.887 0.8774 0.2212 0.0673 75
200520_133_6004_0.txt 2 0.3149 0.6562 0.1851 0.125 50
200520_133_6004_0.txt 2 0.3846 0.7163 0.1851 0.1611 75
200520_133_6004_0.txt 2 0.6082 0.7837 0.2043 0.1178 100
200520_111_5035_2.txt 2 0.0841 0.5913 0.0721 0.2692 25
200521_111_16716_9.txt 9 0.5649 0.6106 0.1154 0.1226 100
200521_111_16718_2.txt 9 0.5553 0.5337 0.1755 0.1202 100
200520_111_11185_2.txt 6 0.7548 0.2067 0.0793 0.0889 100
200521_133_21620_9.txt 14 0.75 0.6106 0.0409 0.0529 100
200521_133_21631_11.txt 14 0.0625 0.6106 0.0601 0.0577 100
200521_111_16715_4.txt 9 0.4351 0.0505 0.1851 0.0673 100
200521_111_16715_4.txt 9 0.3365 0.2452 0.0817 0.0817 100
200520_111_4917_0.txt 8 0.6635 0.5288 0.0529 0.0409 100
200521_133_17310_0.txt 7 0.5817 0.4928 0.0721 0.1514 100
200521_133_21621_6.txt 14 0.9639 0.9495 0.0625 0.0962 100
200521_133_21621_16.txt 14 0.2644 0.8534 0.0601 0.0745 100
200521_133_21621_1.txt 14 0.5288 0.2885 0.0697 0.1106 100
200521_133_19376_0.txt 2 0.9429 0.7524 0.1142 0.1683 75
200520_133_4129_11.txt 2 0.8413 0.7716 0.2332 0.1779 75
200520_133_4129_11.txt 2 0.8125 0.8882 0.2476 0.2236 100
200520_111_4900_2.txt 7 0.7692 0.4255 0.1442 0.0962 100
200520_111_8806_1.txt 3 0.5072 0.4375 0.2212 0.101 100
200520_133_11108_3.txt 10 0.0739 0.3101 0.1478 0.125 100
200520_133_11108_3.txt 10 0.0505 0.399 0.101 0.0986 100
200520_133_11108_3.txt 10 0.3125 0.6346 0.2043 0.1683 100
200520_133_11108_3.txt 10 0.3053 0.8149 0.1683 0.2212 100
200521_111_16722_2.txt 2 0.75 0.1226 0.113 0.0962 50
200521_111_16722_2.txt 2 0.9207 0.1346 0.1058 0.0601 50
200521_111_16722_2.txt 2 0.8389 0.2091 0.1058 0.0673 50
200521_133_19376_1.txt 2 0.149 0.9014 0.1683 0.113 100
200521_133_21620_4.txt 14 0.0769 0.3726 0.0697 0.0697 100
200520_111_5968_2.txt 11 0.5817 0.1034 0.0529 0.1178 100
200521_133_21620_11.txt 14 0.7572 0.6178 0.0769 0.0938 100
200520_133_8593_2.txt 3 0.9675 0.1028 0.0649 0.2055 100
200521_133_16145_0.txt 9 0.387 0.3726 0.2043 0.1514 100
200521_133_21619_1.txt 14 0.6538 0.3438 0.0553 0.0697 100
200520_111_5162_10.txt 3 0.3029 0.3774 0.1827 0.0673 75
200520_133_6002_4.txt 2 0.8005 0.6635 0.0986 0.1947 100
200520_133_6002_4.txt 2 0.6707 0.75 0.0865 0.1514 100
200520_133_6002_4.txt 2 0.8005 0.8726 0.0793 0.1442 50
200520_111_5163_17.txt 3 0.8125 0.649 0.1659 0.0553 50
200521_133_16070_2.txt 9 0.7212 0.0216 0.125 0.0433 100
200520_133_5876_0.txt 8 0.3486 0.7115 0.0505 0.0721 100
200520_111_5163_7.txt 3 0.851 0.637 0.1226 0.113 100
200520_111_5163_7.txt 3 0.3942 0.887 0.1394 0.0649 100
200521_111_16718_0.txt 9 0.3029 0.9543 0.1058 0.0913 100
200520_111_4902_6.txt 8 0.8654 0.851 0.0505 0.0697 100
200521_111_16717_6.txt 8 0.387 0.5938 0.0793 0.0697 100
200521_111_16717_6.txt 8 0.0529 0.7091 0.0793 0.0529 100
200521_133_21620_13.txt 14 0.9375 0.6587 0.0865 0.0986 100
200520_133_8592_6.txt 3 0.2139 0.6442 0.2139 0.1923 100
200521_111_16718_3.txt 9 0.6899 0.8149 0.1514 0.125 100
200520_133_10644_0.txt 3 0.476 0.2308 0.0889 0.2284 100
200520_133_10644_0.txt 3 0.2933 0.3269 0.125 0.2332 75
200520_133_10644_0.txt 3 0.4808 0.476 0.1202 0.2452 100
200520_111_5162_12.txt 3 0.0619 0.6947 0.1238 0.0601 50
200521_133_21632_6.txt 13 0.524 0.0312 0.0361 0.0553 100
200521_133_21632_6.txt 13 0.375 0.1538 0.0433 0.0481 100
200521_133_21632_6.txt 13 0.5 0.3245 0.0361 0.0577 100
200521_133_21632_6.txt 13 0.6562 0.351 0.0361 0.0553 100
200521_133_13783_0.txt 16 0.0697 0.9495 0.0553 0.0553 100
200521_133_21632_4.txt 13 0.8173 0.0433 0.0433 0.0481 100
200521_133_21632_4.txt 13 0.9663 0.125 0.0433 0.0481 100
200521_133_21632_4.txt 13 0.1298 0.2332 0.0505 0.0385 100
200521_133_21632_4.txt 13 0.6899 0.2548 0.0433 0.0457 100
200521_133_21632_4.txt 13 0.5433 0.387 0.0433 0.0433 50
200521_133_21632_4.txt 13 0.988 0.5096 0.024 0.0385 100
200521_133_21632_4.txt 13 0.4255 0.5673 0.0337 0.0553 100
200521_133_21632_4.txt 13 0.8462 0.5745 0.0337 0.0457 100
200521_133_21632_4.txt 13 0.2115 0.5793 0.0409 0.0601 100
200521_133_21632_4.txt 13 0.7981 0.7332 0.0337 0.0529 100
200521_133_21632_4.txt 13 0.4567 0.8606 0.0337 0.0553 100
200521_133_21632_4.txt 13 0.2861 0.985 0.0529 0.03 100
200520_133_5873_3.txt 8 0.524 0.0234 0.0529 0.0469 100
200521_133_21621_5.txt 14 0.863 0.982 0.0697 0.0361 100
200521_133_21620_3.txt 14 0.9688 0.1442 0.0553 0.0817 100
200521_133_21620_3.txt 14 0.0246 0.8245 0.0493 0.0697 100
200521_133_21621_14.txt 14 0.5337 0.1418 0.0865 0.0673 100
200520_133_8593_9.txt 3 0.9688 0.0817 0.0625 0.1635 50
200520_133_8593_9.txt 3 0.8341 0.3582 0.1851 0.2236 75
200521_111_16716_2.txt 9 0.1779 0.1947 0.1394 0.0865 100
200521_133_20958_2.txt 2 0.134 0.8672 0.268 0.2656 100
200520_133_4128_2.txt 2 0.524 0.3101 0.1322 0.3029 100
200520_133_4128_2.txt 2 0.6178 0.3149 0.1058 0.3221 100
200520_133_8593_8.txt 3 0.4447 0.4375 0.2284 0.2452 100
200521_111_16718_7.txt 8 0.1971 0.8966 0.0553 0.0649 100
200521_133_20959_2.txt 2 0.387 0.9447 0.2332 0.1106 100
200520_133_8592_17.txt 3 0.7212 0.262 0.0865 0.2692 100
200520_133_8592_17.txt 3 0.774 0.2788 0.0673 0.2163 100
200520_133_8592_12.txt 3 0.4615 0.0222 0.2644 0.0445 100
200520_133_8592_12.txt 3 0.8005 0.3486 0.2404 0.1947 100
200521_111_16717_13.txt 9 0.0559 0.3317 0.1118 0.1106 100
200521_133_21619_2.txt 14 0.8966 0.6851 0.0673 0.0865 100
200521_111_16717_20.txt 9 0.1827 0.8125 0.113 0.125 100
200521_111_16717_0.txt 9 0.3341 0.4014 0.0865 0.1442 100
200520_111_5162_13.txt 3 0.1587 0.0505 0.1947 0.0793 50
200520_133_6002_1.txt 2 0.8005 0.7139 0.0865 0.226 100
200520_133_6002_1.txt 2 0.8365 0.7861 0.1058 0.2043 50
200520_111_5955_2.txt 15 0.262 0.2188 0.0529 0.0481 100
200520_111_5955_2.txt 15 0.1562 0.2236 0.0553 0.0529 100
200520_111_5955_2.txt 15 0.1899 0.2644 0.0505 0.0529 100
200520_111_5955_2.txt 15 0.2572 0.3053 0.0433 0.0409 100
200521_111_16715_11.txt 9 0.9621 0.9447 0.0757 0.0673 100
200520_133_6003_0.txt 2 0.5433 0.1202 0.1947 0.125 100
200520_133_6003_0.txt 2 0.6587 0.1538 0.1394 0.1394 100
200520_133_6003_0.txt 2 0.8678 0.2212 0.1779 0.113 100
200520_111_5162_8.txt 3 0.3005 0.1755 0.1827 0.0673 75
200520_111_5162_8.txt 3 0.2812 0.2837 0.2043 0.0721 75
200520_111_4900_3.txt 7 0.4231 0.0457 0.0962 0.0913 100
200520_111_5163_11.txt 3 0.4279 0.5529 0.149 0.0697 75
200521_133_21621_0.txt 14 0.0673 0.0481 0.0529 0.0649 100
200520_133_6002_3.txt 2 0.1659 0.1418 0.1322 0.1875 75
200520_133_6002_3.txt 2 0.2909 0.2692 0.125 0.1514 50
200520_133_6002_3.txt 2 0.1466 0.3317 0.1394 0.1779 75
200520_133_6002_3.txt 2 0.0745 0.7067 0.149 0.1875 100
200521_133_21621_17.txt 14 0.625 0.6779 0.0865 0.0481 100
200521_133_21621_11.txt 14 0.976 0.1803 0.0481 0.0697 100
200521_111_16717_16.txt 9 0.3606 0.7139 0.113 0.1394 100
200521_133_19375_1.txt 2 0.0481 0.1298 0.0962 0.1875 50
200521_111_16726_3.txt 9 0.2067 0.4062 0.0529 0.1226 100
200520_133_4128_12.txt 2 0.1322 0.1226 0.2644 0.1514 100
200520_111_5163_0.txt 3 0.0637 0.0415 0.1274 0.0829 75
200521_133_20959_1.txt 2 0.9135 0.9044 0.1731 0.1911 100
200521_111_16717_10.txt 9 0.9279 0.8173 0.125 0.1202 100
200520_111_4919_3.txt 6 0.3029 0.1274 0.0529 0.0986 100
200520_111_5162_5.txt 3 0.7524 0.0986 0.1226 0.0625 75
200520_111_5162_5.txt 3 0.1611 0.137 0.1082 0.0745 75
200520_111_9666_2.txt 9 0.2163 0.4736 0.113 0.0865 100
200520_111_5163_4.txt 3 0.0643 0.0252 0.1286 0.0505 100
200521_111_16716_0.txt 9 0.8197 0.5288 0.1514 0.1779 100
200521_111_16717_2.txt 9 0.3582 0.9579 0.125 0.0841 100
200520_133_4128_1.txt 2 0.3173 0.1899 0.274 0.1875 100
200520_133_4128_1.txt 2 0.3413 0.2837 0.2019 0.1514 100
200520_111_5162_6.txt 3 0.2284 0.2163 0.1322 0.0577 50
200520_111_5162_6.txt 3 0.3654 0.5721 0.1082 0.0529 50
200521_133_16145_1.txt 8 0.4567 0.9567 0.0529 0.0865 100
200520_133_4128_17.txt 2 0.5385 0.0433 0.3197 0.0865 100
200520_111_4902_0.txt 7 0.6803 0.8365 0.0986 0.0913 100
200521_133_19375_0.txt 2 0.6635 0.2428 0.1418 0.0986 25
200521_133_19375_0.txt 2 0.4303 0.5505 0.1514 0.0793 75
200521_133_19375_0.txt 2 0.7981 0.5553 0.1659 0.0913 25
200521_133_19375_0.txt 2 0.6346 0.8822 0.1154 0.0697 50
200520_111_5163_5.txt 3 0.1803 0.7356 0.1562 0.0889 100
200520_133_4128_3.txt 2 0.9681 0.8486 0.0637 0.2212 75
200520_133_4128_3.txt 2 0.8438 0.863 0.1779 0.1707 100
200520_133_8592_4.txt 3 0.1947 0.8005 0.2548 0.1058 100
200520_133_6003_3.txt 2 0.0246 0.3077 0.0493 0.2524 50
200520_111_2975_0.txt 7 0.8221 0.6562 0.0601 0.1923 75
200520_133_8592_2.txt 3 0.6947 0.5673 0.2236 0.1947 100
200521_133_21621_2.txt 14 0.0216 0.9447 0.0433 0.0793 100
200520_133_8592_13.txt 3 0.1106 0.6779 0.0817 0.2596 100
200521_133_21621_13.txt 14 0.8558 0.4303 0.0697 0.0649 100
200520_133_8593_7.txt 3 0.4062 0.7236 0.1394 0.1683 50
200521_111_13621_1.txt 2 0.9171 0.0673 0.1659 0.1346 50
200521_111_16715_2.txt 9 0.5337 0.9675 0.1418 0.0649 100
200520_111_5163_10.txt 3 0.8462 0.1298 0.1322 0.0457 50
200520_111_5163_15.txt 3 0.4255 0.7933 0.1947 0.0673 100
200521_133_20959_3.txt 2 0.637 0.7404 0.2043 0.2043 100
200521_111_16717_17.txt 9 0.4135 0.3534 0.2043 0.0817 100
200520_133_4128_5.txt 2 0.2308 0.3125 0.1779 0.226 100
200520_133_4128_5.txt 2 0.1851 0.4159 0.113 0.1707 100
200520_133_4128_5.txt 2 0.2452 0.8077 0.1514 0.2692 100
200521_133_21631_3.txt 13 0.0192 0.5361 0.0385 0.0409 100
200521_133_21631_3.txt 13 0.1659 0.5673 0.0457 0.0433 100
200521_133_21631_3.txt 13 0.4639 0.6082 0.0288 0.0577 100
200520_133_4128_16.txt 2 0.887 0.3125 0.113 0.113 100
200521_133_21631_0.txt 13 0.7716 0.9231 0.0529 0.0361 100
200521_111_13621_0.txt 2 0.2188 0.8996 0.1514 0.2007 100
200521_111_16716_6.txt 9 0.7861 0.1779 0.1034 0.1274 100
200520_133_2986_2.txt 2 0.4832 0.2043 0.125 0.3534 100
200521_133_21631_5.txt 13 0.7957 0.0312 0.0529 0.0385 100
200521_133_21631_5.txt 13 0.4615 0.101 0.0433 0.0385 100
200521_133_21631_5.txt 13 0.2764 0.1466 0.0337 0.0529 100
200521_133_21631_5.txt 13 0.9351 0.1514 0.0505 0.0385 100
200521_133_21631_5.txt 13 0.9231 0.2572 0.0361 0.0433 100
200521_133_21631_5.txt 13 0.1995 0.3389 0.0409 0.0553 100
200521_133_21631_5.txt 13 0.7644 0.4111 0.0505 0.0385 100
200521_133_21631_5.txt 13 0.6587 0.5168 0.0457 0.0385 100
200521_133_21631_5.txt 13 0.5745 0.5264 0.0337 0.0481 100
200521_133_21631_5.txt 13 0.1827 0.6202 0.0457 0.0625 100
200521_133_21631_5.txt 13 0.0102 0.6659 0.0204 0.0529 100
200521_133_21631_5.txt 13 0.875 0.7067 0.0505 0.0385 100
200521_133_21631_5.txt 13 0.2764 0.7644 0.0337 0.0481 100
200521_133_21631_5.txt 13 0.1587 0.8774 0.0457 0.0529 100
200520_133_4129_6.txt 2 0.2163 0.6106 0.2019 0.2933 100
200520_133_4129_6.txt 2 0.6827 0.8582 0.1707 0.2043 50
200521_133_16029_0.txt 9 0.2067 0.2452 0.1082 0.1466 100
200520_133_8592_8.txt 3 0.0757 0.113 0.1514 0.1947 100
200520_133_8592_8.txt 3 0.5024 0.2212 0.2043 0.2236 100
200520_133_8592_8.txt 3 0.4038 0.5553 0.1851 0.1274 100
200521_133_16144_1.txt 9 0.1202 0.7668 0.1154 0.137 100
200520_133_6003_2.txt 2 0.6995 0.9525 0.0793 0.095 25
200521_133_20959_0.txt 2 0.9423 0.7644 0.1154 0.226 100
200520_111_5163_8.txt 3 0.9321 0.6875 0.1358 0.0745 75
200521_111_16717_1.txt 8 0.4663 0.3438 0.0673 0.0625 100
200521_111_16717_1.txt 8 0.2933 0.4615 0.0673 0.0745 100
200520_111_5163_1.txt 3 0.512 0.2139 0.2548 0.1707 100
200521_133_17310_2.txt 14 0.2764 0.9038 0.0433 0.0625 100
200520_111_5162_3.txt 3 0.2139 0.5192 0.1322 0.0577 50
200520_111_5162_3.txt 3 0.5913 0.6803 0.0938 0.1082 50
200520_111_11184_9.txt 6 0.0913 0.8582 0.1058 0.0601 100
200520_133_8592_15.txt 3 0.851 0.2596 0.0721 0.2043 100
200521_111_16715_10.txt 9 0.1058 0.2933 0.1058 0.1947 100
200520_133_8592_1.txt 3 0.8906 0.9038 0.2188 0.1178 100
200521_111_16717_5.txt 9 0.625 0.113 0.0721 0.1611 100
200520_111_5968_0.txt 11 0.7428 0.9579 0.0457 0.0841 100
200521_111_16717_3.txt 9 0.2596 0.3438 0.0938 0.2188 100
200521_111_16718_6.txt 9 0.6346 0.4928 0.0986 0.1514 100
200521_133_21631_6.txt 13 0.1611 0.0337 0.0529 0.0433 100
200521_133_21631_6.txt 13 0.6466 0.2524 0.0288 0.0553 100
200521_133_21631_6.txt 13 0.4976 0.3413 0.0288 0.0553 100
200521_133_21631_6.txt 13 0.1899 0.4255 0.0337 0.0577 100
200521_133_21631_6.txt 13 0.5312 0.5745 0.0337 0.0481 100
200520_133_8593_4.txt 3 0.2404 0.4423 0.2043 0.1731 75
200520_111_4919_4.txt 8 0.0697 0.524 0.0433 0.0721 100
200521_133_21631_8.txt 13 0.2812 0.0673 0.0409 0.0433 100
200521_133_21631_8.txt 13 0.4183 0.1226 0.0337 0.0577 100
200520_111_5163_14.txt 3 0.9279 0.1442 0.1442 0.0793 100
200521_111_16716_4.txt 9 0.8486 0.6923 0.1034 0.0649 100
200521_111_16717_8.txt 9 0.887 0.7764 0.0817 0.1418 100
200521_111_16717_4.txt 8 0.9014 0.1322 0.0769 0.0938 100
200521_111_16717_4.txt 9 0.2043 0.6082 0.1587 0.0817 100
200521_111_16717_7.txt 8 0.021 0.1154 0.0421 0.0649 100
200520_111_4916_0.txt 6 0.2476 0.9525 0.1154 0.095 100
200520_111_5163_13.txt 3 0.4519 0.875 0.2043 0.0986 50
200521_133_21632_5.txt 13 0.0132 0.0192 0.0264 0.0385 100
200521_133_21632_5.txt 13 0.4712 0.0745 0.0337 0.0649 100
200521_133_21632_5.txt 13 0.9279 0.1538 0.0457 0.0385 100
200521_133_21632_5.txt 13 0.1947 0.1923 0.0337 0.0433 100
200521_133_21632_5.txt 13 0.1394 0.3149 0.0337 0.0553 100
200521_133_21632_5.txt 13 0.7957 0.3389 0.0361 0.0601 100
200521_133_21632_5.txt 13 0.4447 0.4447 0.0361 0.0553 100
200521_133_21632_5.txt 13 0.7668 0.512 0.0361 0.0577 100
200521_133_21632_5.txt 13 0.0889 0.8149 0.0505 0.0457 100
200520_111_4291_0.txt 2 0.8798 0.7644 0.1322 0.2332 100
200520_111_4291_0.txt 2 0.8077 0.9014 0.1322 0.1971 100
200521_111_16723_1.txt 9 0.4495 0.7812 0.1394 0.0865 100
200520_133_8593_6.txt 3 0.3822 0.9321 0.2212 0.1358 75
200521_133_21620_7.txt 14 0.4255 0.6803 0.0529 0.0841 100
200521_111_16716_1.txt 9 0.9231 0.2572 0.1058 0.0962 100
