200520_133_7549_34.txt 12 0.7308 0.1112 0.238 0.2224 100
200520_111_5163_19.txt 3 0.1611 0.1178 0.2188 0.1154 100
200520_133_7561_9.txt 12 0.7212 0.6707 0.3197 0.3173 100
200520_133_7565_2.txt 12 0.3029 0.0974 0.3197 0.1947 100
200520_133_7570_2.txt 12 0.1172 0.1118 0.2344 0.2236 100
200520_133_7554_32.txt 12 0.4038 0.3341 0.3197 0.3173 100
200520_133_7552_8.txt 12 0.2572 0.095 0.3197 0.1899 100
200521_133_21619_3.txt 14 0.6779 0.3942 0.0601 0.0938 100
200520_133_7547_18.txt 12 0.2163 0.5457 0.3197 0.3173 100
200520_133_4128_13.txt 2 0.5577 0.1947 0.1514 0.2212 100
200520_133_4128_13.txt 2 0.4976 0.3053 0.1683 0.1995 100
200520_133_4128_13.txt 2 0.5288 0.7837 0.2332 0.2139 100
200520_111_5967_5.txt 5 0.8125 0.6274 0.0216 0.0889 25
200520_133_7553_0.txt 12 0.7043 0.869 0.2452 0.262 100
200520_133_7552_15.txt 12 0.8948 0.6803 0.2103 0.3173 100
200520_133_7552_46.txt 12 0.8005 0.8678 0.3197 0.2644 100
200520_133_7552_9.txt 12 0.6466 0.8269 0.3197 0.3173 100
200520_133_7551_7.txt 12 0.1412 0.3774 0.2825 0.3173 100
200520_133_6002_2.txt 2 0.8966 0.5601 0.1202 0.1707 50
200520_111_5955_0.txt 5 0.7308 0.6587 0.149 0.0337 25
200520_133_7551_0.txt 12 0.7043 0.6995 0.3197 0.3173 100
200520_133_7553_34.txt 12 0.6298 0.6827 0.3197 0.3173 100
200520_133_8593_3.txt 3 0.3341 0.1947 0.0986 0.2452 100
200521_133_20904_0.txt 2 0.3774 0.8317 0.1755 0.1659 100
200520_133_7555_6.txt 12 0.6538 0.5577 0.3197 0.3173 100
200520_133_7566_13.txt 12 0.3317 0.2043 0.3197 0.3173 100
200520_133_7548_13.txt 12 0.6058 0.8462 0.2548 0.2524 100
200520_133_7549_32.txt 12 0.8612 0.6202 0.2776 0.3173 100
200520_133_8593_5.txt 3 0.2476 0.7019 0.1923 0.2452 75
200520_133_8593_5.txt 3 0.5168 0.7284 0.2476 0.2115 100
200520_133_8593_5.txt 3 0.0655 0.7452 0.131 0.1851 50
200520_133_8593_5.txt 3 0.0673 0.8413 0.0865 0.2332 75
200520_133_7567_8.txt 12 0.6058 0.119 0.3197 0.238 100
200520_111_4903_1.txt 8 0.0769 0.5312 0.0529 0.0817 100
200520_133_7559_3.txt 12 0.8468 0.3389 0.3065 0.3173 100
200520_133_7566_7.txt 12 0.6394 0.1022 0.3197 0.2043 100
200520_133_7557_5.txt 12 0.1304 0.6106 0.2608 0.3173 100
200520_133_7565_1.txt 12 0.8005 0.6538 0.3197 0.3173 100
200521_111_16716_3.txt 9 0.8365 0.4423 0.125 0.1779 100
200520_133_7552_45.txt 12 0.6923 0.6659 0.3197 0.3173 100
200520_133_4129_8.txt 2 0.884 0.2308 0.232 0.2043 100
200520_133_4129_8.txt 2 0.0962 0.5673 0.1851 0.125 50
200520_133_4129_8.txt 2 0.0877 0.649 0.1755 0.2139 50
200521_111_16717_18.txt 9 0.2043 0.9387 0.1394 0.1226 100
200521_111_21717_0.txt 12 0.113 0.8822 0.0601 0.0745 100
200520_133_7548_24.txt 12 0.2764 0.9165 0.2812 0.1671 100
200521_133_21631_7.txt 13 0.1394 0.1562 0.0433 0.0529 100
200520_133_7554_18.txt 12 0.1496 0.8077 0.2993 0.3173 100
200520_111_4902_2.txt 5 0.1082 0.5793 0.1322 0.0673 25
200520_111_5967_2.txt 5 0.4471 0.476 0.0457 0.0601 25
200520_111_5967_2.txt 5 0.0349 0.613 0.0697 0.0673 25
200520_111_5967_2.txt 5 0.9645 0.8606 0.0709 0.0481 25
200520_133_7550_21.txt 12 0.9231 0.8053 0.1538 0.2812 100
200520_133_2986_0.txt 2 0.5048 0.6947 0.1442 0.4062 100
200520_133_2986_0.txt 2 0.7981 0.9087 0.1322 0.1827 100
200520_133_6003_6.txt 2 0.3798 0.9038 0.1394 0.1923 100
200520_133_6003_6.txt 2 0.2548 0.9249 0.0986 0.1502 50
200520_133_7552_34.txt 12 0.0631 0.2356 0.1262 0.3173 100
200520_133_6003_7.txt 2 0.4712 0.3149 0.0793 0.125 75
200520_133_6003_7.txt 2 0.512 0.3486 0.1587 0.1611 100
200520_133_6003_7.txt 2 0.7404 0.375 0.2284 0.2139 100
200520_133_6003_7.txt 2 0.6538 0.4639 0.2019 0.1611 100
200520_133_6003_7.txt 2 0.7452 0.8654 0.1202 0.1995 100
200520_133_6003_7.txt 2 0.637 0.9207 0.1514 0.1587 100
200520_133_6003_7.txt 2 0.101 0.9399 0.2019 0.1202 50
200520_111_5270_4.txt 9 0.7909 0.8534 0.1611 0.1755 100
200521_133_21631_4.txt 13 0.9838 0.2692 0.0325 0.0457 100
200520_133_8592_16.txt 3 0.4471 0.4615 0.2212 0.1106 75
200520_133_8592_16.txt 3 0.3582 0.5457 0.274 0.1346 75
200520_133_7567_9.txt 12 0.6154 0.6731 0.3197 0.3173 100
200521_111_16703_0.txt 9 0.3365 0.6298 0.0673 0.113 100
200520_133_7562_5.txt 12 0.4808 0.5144 0.2572 0.2524 100
200520_133_7553_41.txt 12 0.1707 0.2139 0.3101 0.3029 100
200520_133_7550_34.txt 12 0.9165 0.9171 0.1671 0.1659 100
200520_111_5162_4.txt 3 0.6034 0.5673 0.1947 0.0625 75
200521_133_21620_12.txt 14 0.8293 0.7692 0.0601 0.0913 100
200520_133_7571_7.txt 12 0.2428 0.7909 0.3197 0.3173 100
200520_133_8592_0.txt 3 0.4495 0.1148 0.1322 0.2296 100
200520_133_8592_0.txt 3 0.4495 0.5577 0.1322 0.2692 100
200520_133_8592_0.txt 3 0.8462 0.7091 0.0721 0.2572 100
200520_133_8592_0.txt 3 0.75 0.7596 0.1394 0.226 100
200520_133_8592_9.txt 3 0.2115 0.6995 0.2139 0.1875 100
200520_133_7550_31.txt 12 0.7548 0.6827 0.3101 0.3029 100
200520_133_5877_1.txt 8 0.3221 0.5625 0.0457 0.0649 100
200520_133_4128_11.txt 2 0.7188 0.1562 0.2548 0.1995 100
200520_133_4128_11.txt 2 0.6178 0.2524 0.2332 0.1947 100
200520_133_4128_11.txt 2 0.2332 0.8317 0.2115 0.2212 100
200520_133_4128_4.txt 2 0.9543 0.4399 0.0913 0.2933 100
200520_111_4920_1.txt 7 0.512 0.6082 0.2188 0.1514 100
200520_133_7548_30.txt 12 0.6851 0.6731 0.2572 0.2909 100
200520_133_7549_8.txt 12 0.2933 0.4976 0.274 0.3125 100
200520_133_7550_7.txt 12 0.7933 0.8978 0.2837 0.2043 100
200521_133_21621_4.txt 14 0.8149 0.1947 0.0529 0.0601 100
200520_133_8593_0.txt 3 0.1995 0.4087 0.1659 0.2788 100
200521_111_16716_8.txt 8 0.979 0.6803 0.0421 0.0529 100
200521_111_16716_8.txt 8 0.8726 0.8149 0.0793 0.0577 100
200520_133_7559_14.txt 12 0.5409 0.119 0.3197 0.238 100
200520_111_5954_1.txt 12 0.0986 0.4591 0.0264 0.0385 25
200520_133_7554_7.txt 12 0.7308 0.0998 0.3197 0.1995 50
200520_133_7554_7.txt 12 0.6635 0.6106 0.3029 0.25 100
200520_133_7554_7.txt 12 0.6058 0.9375 0.2572 0.125 100
200520_133_7570_7.txt 12 0.1004 0.8594 0.2007 0.2812 100
200521_133_14244_0.txt 9 0.0962 0.8413 0.1562 0.1178 100
200520_133_7549_24.txt 12 0.0968 0.2332 0.1935 0.2692 100
200520_133_7554_5.txt 12 0.5721 0.363 0.3197 0.3173 100
200521_133_21621_7.txt 14 0.7043 0.8534 0.0601 0.0601 100
200520_133_7554_26.txt 12 0.3173 0.8474 0.3197 0.3053 100
200520_133_7551_34.txt 12 0.9153 0.1731 0.1695 0.3173 100
200520_133_7552_1.txt 12 0.0944 0.3678 0.1887 0.3173 100
200521_133_21621_8.txt 14 0.6851 0.1587 0.0457 0.0673 100
200520_133_4129_0.txt 2 0.6514 0.7404 0.2668 0.1995 100
200520_133_4129_0.txt 2 0.8804 0.774 0.2392 0.1995 100
200520_133_4129_0.txt 2 0.6154 0.8654 0.2332 0.1875 100
200520_133_4129_0.txt 2 0.9002 0.9087 0.1995 0.1779 100
200520_133_7548_29.txt 12 0.4471 0.113 0.3197 0.226 50
200520_111_5247_3.txt 5 0.5769 0.9135 0.0216 0.0721 25
200520_133_7549_40.txt 12 0.7139 0.3486 0.3101 0.2452 100
200520_133_7552_13.txt 12 0.8984 0.8558 0.2031 0.2885 100
200521_111_21731_0.txt 12 0.1779 0.8101 0.0529 0.0577 50
200520_133_7550_46.txt 12 0.8876 0.0889 0.2248 0.1779 100
200520_111_5967_4.txt 8 0.9669 0.3389 0.0661 0.0433 100
200520_133_7563_7.txt 12 0.7356 0.524 0.3197 0.3173 100
200520_133_7548_8.txt 12 0.9093 0.774 0.1815 0.3173 50
200520_111_4898_2.txt 5 0.5264 0.6466 0.0288 0.1082 25
200520_133_7559_2.txt 12 0.104 0.5889 0.2079 0.3173 100
200520_133_4129_1.txt 2 0.5577 0.5601 0.1514 0.1683 100
200520_133_4129_1.txt 2 0.4736 0.7308 0.274 0.2524 100
200520_133_7560_9.txt 12 0.7212 0.6779 0.3197 0.3173 100
200520_133_7554_8.txt 12 0.1562 0.2236 0.2909 0.3029 100
200520_133_7552_0.txt 12 0.1755 0.113 0.3197 0.226 100
200520_133_7554_23.txt 12 0.3798 0.5817 0.3197 0.3173 100
200520_111_5162_14.txt 3 0.2163 0.0331 0.1947 0.0661 75
200520_133_7551_9.txt 12 0.7861 0.3702 0.3197 0.3173 100
200520_111_4897_1.txt 5 0.6875 0.8846 0.0673 0.1274 25
200520_133_6002_0.txt 2 0.2236 0.9423 0.1322 0.1154 100
200520_133_7550_25.txt 12 0.6346 0.8726 0.3101 0.2548 100
200520_111_4897_3.txt 7 0.2332 0.7764 0.0529 0.0841 100
200521_133_21631_1.txt 13 0.9014 0.9784 0.0529 0.0312 100
200520_133_7552_33.txt 12 0.8732 0.8474 0.2536 0.3053 100
200520_111_5162_11.txt 3 0.6875 0.9712 0.2043 0.0577 75
200520_133_7558_5.txt 12 0.4976 0.7909 0.3197 0.3173 100
200520_133_7562_8.txt 12 0.2861 0.1034 0.3197 0.2067 100
200521_111_21730_13.txt 12 0.3966 0.7356 0.0337 0.0409 100
200520_133_7557_7.txt 12 0.878 0.6707 0.244 0.3173 100
200520_133_7550_32.txt 12 0.2067 0.2644 0.3197 0.3173 50
200520_133_7560_4.txt 12 0.5457 0.512 0.3197 0.3173 100
200520_133_7549_3.txt 12 0.4327 0.9099 0.3197 0.1803 50
200520_111_2974_1.txt 9 0.2957 0.1346 0.1226 0.1466 100
200520_111_4292_0.txt 2 0.6947 0.5264 0.1587 0.2524 50
200520_111_4292_0.txt 2 0.1851 0.7933 0.2933 0.1514 50
200520_111_4292_0.txt 2 0.4712 0.8419 0.1394 0.3161 100
200520_111_4292_0.txt 2 0.5553 0.9141 0.0865 0.1719 50
200520_111_4292_0.txt 2 0.1442 0.9147 0.2332 0.1707 50
200520_111_4292_1.txt 2 0.7957 0.4423 0.1322 0.2716 50
200520_111_5247_4.txt 5 0.9832 0.0841 0.0264 0.1514 25
200520_133_5876_1.txt 9 0.8149 0.9014 0.113 0.0889 100
200520_111_5968_3.txt 7 0.6683 0.9159 0.0769 0.125 100
200520_133_7552_43.txt 12 0.6875 0.2452 0.3101 0.2764 100
200520_133_7571_0.txt 12 0.1136 0.5817 0.2272 0.3125 100
200520_133_7563_1.txt 12 0.5312 0.5264 0.3197 0.3173 100
200520_133_7554_12.txt 12 0.8101 0.0998 0.3197 0.1995 50
200520_133_7548_12.txt 12 0.1875 0.5986 0.2909 0.2596 100
200520_111_5162_15.txt 3 0.3486 0.1995 0.2139 0.0793 50
200520_111_5162_15.txt 3 0.4856 0.7524 0.2043 0.0986 50
200521_133_20905_2.txt 2 0.0649 0.0805 0.1298 0.1611 100
200520_133_7553_54.txt 12 0.848 0.8894 0.3041 0.2212 100
200520_133_7551_16.txt 12 0.6346 0.4399 0.3197 0.3173 100
200520_111_5247_2.txt 5 0.1178 0.0505 0.0793 0.0745 25
200520_111_5035_3.txt 2 0.6707 0.1334 0.125 0.2668 50
200520_111_5035_3.txt 2 0.5288 0.1707 0.113 0.2885 75
200520_133_7554_13.txt 12 0.6106 0.2308 0.2308 0.3125 100
200520_133_7553_25.txt 12 0.4351 0.8498 0.3197 0.3005 100
200520_111_11186_12.txt 5 0.6947 0.9543 0.0721 0.0649 25
200520_111_5981_0.txt 5 0.9351 0.0817 0.0962 0.024 100
200521_111_21717_1.txt 14 0.1178 0.3293 0.0625 0.0962 100
200521_133_21620_0.txt 14 0.5745 0.5673 0.0361 0.0409 100
200520_133_7552_39.txt 12 0.3918 0.7428 0.2861 0.3029 100
200521_133_21632_0.txt 13 0.982 0.9279 0.0361 0.0433 100
200521_111_16716_11.txt 9 0.7332 0.9219 0.0865 0.1562 100
200520_111_4901_2.txt 5 0.3894 0.3245 0.0529 0.1106 25
200520_133_7564_2.txt 12 0.3389 0.899 0.3197 0.2019 100
200520_133_7566_6.txt 12 0.5986 0.1022 0.3197 0.2043 100
200520_133_7566_3.txt 12 0.2692 0.5938 0.3197 0.3173 100
200520_133_7559_18.txt 12 0.1028 0.6995 0.2055 0.3173 100
200521_111_16726_5.txt 9 0.1466 0.5048 0.0697 0.0865 100
200520_111_5968_4.txt 5 0.0817 0.0601 0.0938 0.0841 25
200521_111_16121_0.txt 5 0.2404 0.3798 0.1034 0.1274 50
200521_111_16121_0.txt 5 0.3702 0.4952 0.0962 0.0913 50
200520_133_7568_6.txt 12 0.7139 0.8438 0.3029 0.3125 100
200520_111_6886_1.txt 5 0.7837 0.2837 0.1346 0.0601 25
200520_133_7556_6.txt 12 0.6971 0.4062 0.3197 0.3173 100
200520_111_4898_3.txt 5 0.9639 0.4615 0.0529 0.0745 25
200520_111_4898_3.txt 5 0.8918 0.5481 0.0337 0.0865 25
200520_133_7566_11.txt 12 0.7212 0.8894 0.3197 0.2212 100
200520_133_8592_10.txt 3 0.113 0.2692 0.2043 0.1707 100
200520_133_7553_45.txt 12 0.375 0.5024 0.3197 0.3173 100
200520_111_5163_18.txt 3 0.9279 0.5649 0.1442 0.0841 50
200520_133_7549_29.txt 12 0.8894 0.4111 0.2212 0.2957 100
200520_133_7553_3.txt 12 0.3894 0.5745 0.3197 0.3173 100
200520_133_7550_10.txt 12 0.8744 0.3846 0.2512 0.3173 100
200521_111_16715_5.txt 9 0.875 0.2356 0.0889 0.125 100
200520_133_7572_4.txt 12 0.2957 0.613 0.3197 0.3173 100
200520_111_5163_3.txt 3 0.4784 0.6827 0.1755 0.0938 75
200520_111_5163_2.txt 3 0.8966 0.8101 0.2043 0.1274 100
200520_111_5163_2.txt 3 0.9405 0.8101 0.119 0.125 50
200520_111_5956_1.txt 5 0.6683 0.6106 0.0793 0.0649 25
200520_133_11108_2.txt 10 0.6851 0.0649 0.2043 0.0986 100
200520_133_7552_22.txt 12 0.851 0.9153 0.2812 0.1695 100
200520_133_7569_2.txt 12 0.3101 0.7212 0.2548 0.3029 100
200521_133_16144_3.txt 9 0.8534 0.5697 0.125 0.0986 100
200520_133_7560_7.txt 12 0.866 0.7067 0.268 0.3173 100
200520_133_7549_19.txt 12 0.2091 0.8936 0.274 0.2127 100
200520_133_4129_12.txt 2 0.6202 0.1851 0.125 0.2933 100
200521_111_16715_3.txt 9 0.9609 0.5529 0.0781 0.0913 100
200520_133_7559_7.txt 12 0.7812 0.2981 0.3197 0.3173 100
200520_133_7559_21.txt 12 0.2236 0.3077 0.3197 0.3125 100
200520_133_4129_2.txt 2 0.9207 0.1094 0.1587 0.2188 100
200520_111_4919_1.txt 5 0.0337 0.363 0.0505 0.0938 25
200521_133_21620_6.txt 14 0.3221 0.6635 0.1058 0.0553 100
200520_133_7562_7.txt 12 0.8792 0.1178 0.2416 0.2356 100
200521_111_16717_11.txt 9 0.0415 0.4928 0.0829 0.1106 100
200520_133_7547_24.txt 12 0.1484 0.3149 0.2969 0.2812 100
200520_111_5163_6.txt 3 0.3438 0.9832 0.149 0.0337 50
200521_111_16722_0.txt 5 0.3389 0.3005 0.1851 0.113 50
200521_111_16722_0.txt 5 0.2981 0.6418 0.1851 0.0865 50
200520_111_4899_6.txt 5 0.899 0.9423 0.0337 0.0913 25
200520_133_7548_4.txt 12 0.1508 0.1028 0.3017 0.2055 100
200520_133_7548_9.txt 12 0.6394 0.3101 0.2981 0.3029 100
200521_133_20905_1.txt 2 0.6707 0.3534 0.3534 0.1779 100
200520_133_7559_13.txt 12 0.8948 0.2933 0.2103 0.3173 100
200520_133_7553_16.txt 12 0.9177 0.0817 0.1647 0.1635 100
200520_133_7553_16.txt 12 0.8407 0.893 0.3185 0.2139 100
200521_133_16144_2.txt 8 0.6851 0.4087 0.0553 0.0697 100
200520_133_7547_4.txt 12 0.738 0.1304 0.3101 0.2608 100
200520_111_6888_0.txt 5 0.3077 0.4255 0.0433 0.0481 25
200520_133_5876_2.txt 8 0.4808 0.5216 0.0697 0.0865 100
200521_111_16122_5.txt 5 0.5913 0.0403 0.0529 0.0805 50
200521_111_16122_5.txt 5 0.3942 0.0601 0.0769 0.1202 50
200521_133_13630_0.txt 17 0.5024 0.6106 0.0793 0.125 100
200520_133_7547_0.txt 12 0.5962 0.8768 0.2019 0.2464 100
200520_133_7552_16.txt 12 0.1052 0.5024 0.2103 0.3173 50
200520_133_7550_45.txt 12 0.1532 0.9087 0.3065 0.1827 50
200520_133_7551_24.txt 12 0.5048 0.1346 0.2308 0.2692 100
200520_111_4291_1.txt 2 0.7067 0.0613 0.1394 0.1226 100
200520_111_4291_1.txt 2 0.5986 0.1094 0.1394 0.2188 100
200520_111_5269_0.txt 18 0.5649 0.0487 0.125 0.0974 25
200521_111_16716_5.txt 9 0.2861 0.8606 0.0697 0.2019 100
200520_111_4915_2.txt 5 0.5817 0.6587 0.1082 0.1226 25
200520_133_7558_2.txt 12 0.6442 0.863 0.274 0.274 100
200521_133_20960_1.txt 2 0.5745 0.7909 0.1442 0.2043 100
200520_111_4900_7.txt 5 0.3389 0.0841 0.0361 0.0938 100
200520_133_7553_19.txt 12 0.0877 0.9183 0.1755 0.1635 100
200520_111_5954_0.txt 5 0.1202 0.5288 0.0938 0.0865 25
200520_133_7570_3.txt 12 0.774 0.9135 0.3197 0.1731 100
200520_111_4899_1.txt 5 0.8678 0.0745 0.0288 0.0889 25
200520_133_7554_33.txt 12 0.2163 0.6202 0.3197 0.3173 50
200520_133_6003_1.txt 2 0.762 0.3606 0.1418 0.2404 50
200520_133_2986_3.txt 2 0.238 0.1352 0.1322 0.2704 100
200521_111_16716_7.txt 9 0.3221 0.1947 0.1202 0.1755 100
200520_133_7552_23.txt 12 0.8245 0.2764 0.3197 0.3173 100
200520_111_5249_0.txt 5 0.3654 0.8966 0.0865 0.0649 25
200521_133_16070_3.txt 9 0.3293 0.5625 0.0865 0.0865 100
200521_133_19376_4.txt 2 0.2788 0.2212 0.0986 0.1779 50
200520_133_4129_3.txt 2 0.2837 0.3029 0.1514 0.1683 100
200520_133_4129_3.txt 2 0.2236 0.4856 0.1587 0.1947 100
200520_111_8805_1.txt 3 0.25 0.1346 0.1322 0.1178 50
200520_133_7555_0.txt 12 0.3558 0.4351 0.3197 0.3173 100
200520_111_4899_3.txt 7 0.4808 0.9573 0.125 0.0853 100
200521_133_21620_5.txt 14 0.8245 0.637 0.0889 0.0938 100
200520_133_7566_12.txt 12 0.1376 0.9159 0.2752 0.1683 100
200520_133_7551_10.txt 12 0.6587 0.893 0.3197 0.2139 100
200520_133_7550_20.txt 12 0.3293 0.4712 0.3029 0.2452 100
200520_133_8592_5.txt 3 0.3053 0.2452 0.0865 0.1995 75
200520_133_7555_16.txt 12 0.5529 0.107 0.3197 0.2139 100
200520_133_7549_22.txt 12 0.1995 0.2548 0.3005 0.3029 100
200520_133_7564_4.txt 12 0.3173 0.8317 0.3197 0.3173 50
200520_133_7561_6.txt 12 0.6731 0.2933 0.3197 0.3173 100
200520_133_7561_3.txt 12 0.7981 0.0883 0.2981 0.1767 100
200521_133_21631_2.txt 13 0.4255 0.1611 0.0529 0.0385 100
200521_133_21631_2.txt 13 0.8918 0.1683 0.0529 0.0337 100
200521_133_21631_2.txt 13 0.8029 0.4207 0.0529 0.0385 100
200521_133_21631_2.txt 13 0.613 0.649 0.0457 0.0361 100
200521_133_21631_2.txt 14 0.7933 0.9111 0.0601 0.0577 100
200521_133_21631_2.txt 13 0.4423 0.9712 0.0505 0.0361 100
200521_133_21631_9.txt 13 0.2163 0.012 0.0433 0.024 100
200521_133_21631_9.txt 13 0.4952 0.0553 0.0361 0.0553 100
200521_133_21631_9.txt 13 0.1394 0.7933 0.0505 0.0361 100
200520_133_7549_26.txt 12 0.3942 0.5793 0.25 0.2957 100
200520_133_7549_26.txt 12 0.1803 0.625 0.3101 0.2885 100
200521_111_16715_7.txt 9 0.0252 0.4135 0.0505 0.1202 100
200521_111_16715_7.txt 9 0.6322 0.851 0.0889 0.1394 100
200521_133_20905_0.txt 2 0.4183 0.8654 0.3197 0.1707 100
200520_133_7572_1.txt 12 0.848 0.3293 0.3041 0.3173 100
200520_133_7559_11.txt 12 0.0835 0.9087 0.1671 0.1827 100
200520_133_7555_8.txt 12 0.3269 0.5649 0.3197 0.3173 100
200520_133_7548_32.txt 12 0.8804 0.8269 0.2392 0.2909 100
200520_133_7567_6.txt 12 0.2861 0.387 0.3197 0.3173 100
200520_111_5270_3.txt 5 0.2091 0.0962 0.0433 0.1274 25
200520_133_7552_26.txt 12 0.2188 0.2548 0.3486 0.5096 100
200520_133_7570_4.txt 12 0.2139 0.6707 0.3197 0.3173 100
200521_111_16718_1.txt 9 0.7764 0.6779 0.1226 0.1178 100
200520_133_7549_38.txt 12 0.375 0.0968 0.3101 0.1935 100
200521_111_16122_6.txt 5 0.7644 0.9303 0.1226 0.0457 100
200521_111_16122_6.txt 5 0.9014 0.9712 0.1202 0.0409 50
200520_133_7553_33.txt 12 0.9141 0.1382 0.1719 0.2764 100
200520_133_7553_33.txt 12 0.5817 0.8317 0.3197 0.3173 100
200520_133_5873_0.txt 8 0.5913 0.0312 0.0721 0.0625 100
200520_133_7558_0.txt 12 0.4615 0.3389 0.3389 0.3173 100
200520_111_4901_3.txt 5 0.3269 0.2812 0.0288 0.0697 25
200520_111_4899_2.txt 5 0.5168 0.2476 0.0529 0.0938 25
200520_111_5162_7.txt 3 0.5264 0.6683 0.1827 0.0577 75
200520_111_5162_7.txt 3 0.4327 0.7067 0.2212 0.0625 75
200520_133_7550_14.txt 12 0.6082 0.0817 0.3197 0.1635 100
200520_133_7548_7.txt 12 0.1388 0.6779 0.2776 0.3029 100
200521_111_16722_3.txt 5 0.6707 0.4279 0.0529 0.1082 25
200521_111_16722_3.txt 5 0.875 0.4639 0.0625 0.1082 100
200521_111_16722_3.txt 5 0.6899 0.476 0.0938 0.1082 50
200521_111_16722_3.txt 5 0.7452 0.5385 0.0721 0.0913 25
200521_111_16722_3.txt 5 0.6779 0.5769 0.0697 0.0865 50
200520_133_7568_7.txt 12 0.2524 0.2885 0.274 0.2692 100
200520_111_5163_12.txt 3 0.3005 0.9609 0.1851 0.0781 75
200520_133_7559_15.txt 12 0.7548 0.4784 0.3197 0.3173 100
200520_133_7550_6.txt 12 0.476 0.0691 0.2596 0.1382 100
200520_133_7548_2.txt 12 0.3149 0.9207 0.3029 0.1587 100
200520_133_7569_0.txt 12 0.1028 0.1995 0.2055 0.3173 100
200520_133_2986_1.txt 2 0.1707 0.6707 0.113 0.3269 75
200521_133_16070_1.txt 8 0.9772 0.6587 0.0457 0.0793 100
200520_133_7551_18.txt 12 0.7019 0.6394 0.3197 0.3173 100
200520_133_7570_1.txt 12 0.8029 0.6803 0.3197 0.3173 100
200520_133_7549_33.txt 12 0.1382 0.5505 0.2764 0.2933 100
200520_133_7547_20.txt 12 0.095 0.4038 0.1899 0.2692 100
200520_133_7548_14.txt 12 0.2837 0.8918 0.3197 0.2163 100
200520_133_7563_9.txt 12 0.104 0.8365 0.2079 0.3173 100
200520_133_7552_36.txt 12 0.1226 0.1526 0.2452 0.3053 100
200520_133_7561_7.txt 12 0.7909 0.8978 0.25 0.2043 100
200520_133_7549_1.txt 12 0.4567 0.5337 0.2548 0.2957 100
200520_133_7549_4.txt 12 0.1184 0.4663 0.2368 0.2812 100
200520_133_7553_10.txt 12 0.0823 0.3486 0.1647 0.2909 100
200521_133_21619_4.txt 14 0.2692 0.6611 0.0601 0.0865 100
200520_111_4898_1.txt 7 0.887 0.9327 0.1322 0.1082 100
200520_133_7554_21.txt 12 0.8389 0.5577 0.3197 0.3173 100
200520_133_7553_26.txt 12 0.1112 0.4183 0.2224 0.2764 100
200520_133_8592_3.txt 3 0.902 0.5745 0.1959 0.1442 100
200520_133_8592_3.txt 3 0.512 0.6178 0.1562 0.2043 100
200520_111_5985_0.txt 7 0.1346 0.4135 0.1779 0.1178 100
200520_133_7553_1.txt 12 0.4207 0.8954 0.3197 0.2091 100
200520_111_5163_9.txt 3 0.0541 0.6298 0.1082 0.0697 75
200520_111_5956_0.txt 5 0.4952 0.7139 0.113 0.0553 25
200520_111_5956_0.txt 5 0.3942 0.7668 0.1034 0.0385 25
200520_111_5956_0.txt 5 0.3053 0.7764 0.0817 0.0481 25
200520_111_4919_2.txt 7 0.1064 0.4471 0.2127 0.1659 100
200521_111_16717_9.txt 9 0.512 0.2163 0.1058 0.1587 100
200521_111_16717_9.txt 9 0.1731 0.3606 0.2043 0.1178 100
200520_111_4920_0.txt 6 0.6442 0.4087 0.0409 0.0889 100
200521_111_21730_14.txt 12 0.387 0.4135 0.0409 0.0457 100
200520_133_8593_10.txt 3 0.7067 0.2668 0.2212 0.2043 75
200521_111_16122_7.txt 5 0.8438 0.1707 0.0769 0.1394 50
200520_111_5035_1.txt 2 0.7452 0.1148 0.1947 0.2296 100
200520_111_5035_1.txt 2 0.7692 0.351 0.2043 0.2812 100
200520_111_5035_1.txt 2 0.476 0.4663 0.125 0.2404 50
200520_111_5035_1.txt 2 0.6034 0.4808 0.1442 0.2404 75
200520_111_5035_1.txt 2 0.8606 0.5601 0.1707 0.3269 100
200520_111_8805_0.txt 3 0.4519 0.3966 0.1418 0.1923 50
200520_133_4129_10.txt 2 0.113 0.5553 0.1202 0.2524 100
200521_111_16726_2.txt 5 0.2428 0.2091 0.1418 0.0649 25
200520_133_7559_9.txt 12 0.3269 0.637 0.3197 0.3173 100
200520_133_7554_19.txt 12 0.128 0.1562 0.256 0.3125 100
200521_111_16726_4.txt 9 0.2909 0.6394 0.0697 0.0745 50
200520_133_7561_2.txt 12 0.6466 0.7019 0.3197 0.3173 100
200520_133_4129_7.txt 2 0.875 0.4543 0.1394 0.1947 100
200520_133_4129_7.txt 2 0.9213 0.5072 0.1575 0.1611 100
200521_133_19376_3.txt 2 0.1611 0.0625 0.1683 0.0986 100
200521_133_19376_3.txt 2 0.0841 0.1971 0.1394 0.125 100
200521_133_19376_3.txt 2 0.1683 0.2548 0.1394 0.0986 50
200521_133_19376_3.txt 2 0.1514 0.3365 0.1442 0.1058 50
200521_133_19376_3.txt 2 0.0433 0.6514 0.0865 0.1394 100
200520_133_7569_5.txt 12 0.1016 0.8966 0.2031 0.2067 100
200520_133_7564_0.txt 12 0.6995 0.113 0.3197 0.226 100
200520_133_7572_5.txt 12 0.8221 0.7981 0.3197 0.3173 100
200520_133_7571_5.txt 12 0.476 0.4784 0.3101 0.2909 100
200520_133_7553_42.txt 12 0.1316 0.8486 0.2632 0.3029 100
200521_133_16029_2.txt 9 0.0841 0.5697 0.0625 0.1683 100
200521_133_21632_2.txt 13 0.0865 0.1851 0.0433 0.0481 100
200521_133_21632_2.txt 13 0.0312 0.4519 0.0601 0.0385 100
200521_133_21632_2.txt 13 0.726 0.5096 0.0337 0.0529 100
200521_133_21632_2.txt 13 0.4062 0.5337 0.0409 0.0481 100
200521_133_21632_2.txt 13 0.2043 0.5769 0.0361 0.0529 100
200520_133_7551_14.txt 12 0.2115 0.3942 0.3197 0.3173 100
200520_133_7553_46.txt 12 0.7091 0.8522 0.3197 0.2957 100
200520_133_7570_0.txt 12 0.7668 0.2067 0.3197 0.3173 100
200520_133_7570_0.txt 12 0.1995 0.4062 0.3197 0.3173 100
200520_133_7560_1.txt 12 0.1064 0.7524 0.2127 0.3173 100
200521_111_16726_0.txt 18 0.4087 0.4303 0.1322 0.3029 100
200521_111_16726_0.txt 18 0.9014 0.6923 0.125 0.2692 100
200521_111_16726_0.txt 18 0.9694 0.7788 0.0613 0.2692 100
200521_111_16726_0.txt 18 0.0529 0.8756 0.1058 0.2488 100
200520_111_9665_0.txt 9 0.4808 0.7115 0.1683 0.1322 100
200520_133_4128_7.txt 2 0.8149 0.6418 0.125 0.125 75
200520_133_4128_7.txt 2 0.9159 0.7163 0.1442 0.2332 100
200520_111_4915_1.txt 6 0.8654 0.2476 0.1298 0.0697 100
200520_133_7547_23.txt 12 0.6106 0.1418 0.2909 0.2572 100
200520_133_7553_6.txt 12 0.3317 0.5865 0.2812 0.2957 100
200520_133_7548_16.txt 12 0.1587 0.1358 0.2476 0.2716 100
200520_133_7550_39.txt 12 0.7837 0.095 0.3197 0.1899 100
200520_133_7560_5.txt 12 0.7188 0.4784 0.3197 0.3173 100
200520_133_7551_31.txt 12 0.1412 0.4663 0.2825 0.3173 100
200520_133_7553_18.txt 12 0.5337 0.6442 0.3197 0.3173 100
200520_133_7554_39.txt 12 0.3678 0.1587 0.3197 0.3173 100
200520_133_7548_1.txt 12 0.1971 0.7356 0.274 0.3029 100
200520_133_7568_8.txt 12 0.8552 0.3197 0.2897 0.3173 50
200520_133_7550_11.txt 12 0.3606 0.8077 0.274 0.3125 100
200520_133_7560_12.txt 12 0.4038 0.8786 0.3197 0.2428 100
200520_133_7557_3.txt 12 0.1268 0.6659 0.2536 0.3173 100
200520_133_7563_3.txt 12 0.3245 0.5144 0.3197 0.3173 100
200520_133_7550_17.txt 12 0.3822 0.851 0.3029 0.2909 100
200520_133_7548_10.txt 12 0.8053 0.1755 0.3005 0.3125 100
200520_133_7552_25.txt 12 0.5337 0.3221 0.3197 0.3173 100
200520_133_7565_4.txt 12 0.8678 0.4591 0.2644 0.2909 100
200520_133_7554_1.txt 12 0.3197 0.399 0.3197 0.3173 100
200520_133_7558_13.txt 12 0.3798 0.2668 0.3197 0.3173 100
200521_133_21620_1.txt 14 0.0186 0.9087 0.0373 0.0673 100
200520_111_4919_0.txt 5 0.9712 0.2043 0.0577 0.1154 25
200520_133_7548_3.txt 12 0.8936 0.1923 0.2127 0.2596 100
200520_133_7571_2.txt 12 0.7043 0.375 0.3197 0.3173 100
200520_133_7556_4.txt 12 0.8936 0.5745 0.2127 0.3173 100
200520_133_7569_3.txt 12 0.3654 0.399 0.3197 0.3173 100
200521_111_16716_12.txt 9 0.3005 0.2668 0.0938 0.0841 100
200520_111_2807_1.txt 7 0.1082 0.8606 0.1683 0.2188 100
200521_133_21632_3.txt 13 0.4014 0.9591 0.0433 0.0481 100
200520_133_7553_13.txt 12 0.4255 0.6418 0.3197 0.3173 100
200520_133_7567_2.txt 12 0.6923 0.6683 0.3197 0.3173 100
200520_111_4902_1.txt 5 0.8654 0.2115 0.0361 0.0817 100
200520_111_4902_1.txt 5 0.3822 0.3245 0.0288 0.1178 100
200520_133_8592_18.txt 3 0.0913 0.9447 0.1827 0.1082 50
200520_133_7561_10.txt 12 0.8912 0.8317 0.2175 0.3173 100
200520_133_7548_22.txt 12 0.851 0.6466 0.274 0.2596 100
200520_133_7565_6.txt 12 0.0944 0.125 0.1887 0.25 100
200520_133_7547_11.txt 12 0.6466 0.9123 0.2861 0.1755 100
200520_133_7552_38.txt 12 0.5817 0.8918 0.274 0.2163 100
200520_133_7572_3.txt 12 0.8882 0.6731 0.2236 0.2404 100
200520_133_7561_1.txt 12 0.8612 0.6274 0.2776 0.3173 100
200520_133_7554_41.txt 12 0.1058 0.2163 0.1707 0.2957 100
200520_133_7554_41.txt 12 0.238 0.2332 0.2019 0.2596 100
200520_133_7554_41.txt 12 0.5048 0.4976 0.2139 0.2188 100
200520_133_7554_41.txt 12 0.3486 0.7188 0.2909 0.3029 100
200521_133_21620_2.txt 14 0.9255 0.1538 0.0601 0.0673 100
200521_111_16703_1.txt 9 0.0841 0.75 0.0697 0.1154 100
200520_133_7547_21.txt 12 0.6947 0.4303 0.2981 0.2596 100
200520_133_7563_4.txt 12 0.0859 0.5144 0.1719 0.3173 100
200520_133_7565_5.txt 12 0.0944 0.2668 0.1887 0.3173 100
200520_133_7568_5.txt 12 0.89 0.2115 0.22 0.3173 100
200520_133_7550_43.txt 12 0.762 0.4087 0.2933 0.3173 100
200520_133_7550_37.txt 12 0.5529 0.0835 0.2188 0.1671 100
200520_133_7554_34.txt 12 0.6274 0.5312 0.3101 0.3125 100
200520_133_6003_8.txt 2 0.3918 0.0565 0.0938 0.113 25
200520_133_6003_8.txt 2 0.03 0.5577 0.0601 0.2332 100
200520_133_7550_44.txt 12 0.1424 0.2692 0.2849 0.3173 100
200520_133_7549_30.txt 12 0.2692 0.4471 0.2596 0.238 100
200520_133_7554_27.txt 12 0.1244 0.8173 0.2488 0.3173 100
200520_133_4128_0.txt 2 0.0829 0.8906 0.1659 0.2188 75
200520_133_7553_14.txt 12 0.2452 0.8558 0.3197 0.2885 50
200520_111_4900_0.txt 7 0.5793 0.9399 0.1322 0.1178 100
200520_133_7554_3.txt 12 0.1256 0.9075 0.2512 0.1851 100
200520_111_5270_0.txt 5 0.0361 0.7933 0.0553 0.1683 25
200520_133_8592_7.txt 3 0.0733 0.3582 0.1466 0.1538 100
200521_133_21621_3.txt 14 0.3221 0.8486 0.0601 0.0697 100
200520_133_4129_9.txt 2 0.8269 0.3173 0.1587 0.2139 50
200520_133_7553_50.txt 12 0.8936 0.7692 0.2127 0.3173 100
200520_133_7547_12.txt 12 0.512 0.5361 0.2837 0.3029 100
200520_133_7547_26.txt 12 0.3173 0.3173 0.274 0.3077 100
200521_111_16723_0.txt 9 0.8918 0.351 0.1226 0.0793 100
200521_133_21619_0.txt 14 0.0505 0.2212 0.0529 0.0865 100
200521_111_16121_2.txt 5 0.6298 0.5962 0.0865 0.0962 50
200520_133_7551_25.txt 12 0.5361 0.274 0.3197 0.3173 100
200520_133_6002_5.txt 2 0.3221 0.1274 0.1394 0.0793 50
200521_133_21621_18.txt 14 0.2644 0.3726 0.0865 0.0649 100
200520_133_7554_24.txt 12 0.9315 0.601 0.137 0.2957 100
200520_133_7554_9.txt 12 0.5216 0.1178 0.3197 0.2356 100
200520_111_5968_1.txt 7 0.8077 0.7548 0.1851 0.101 100
200520_133_7559_5.txt 12 0.6538 0.6947 0.3197 0.3173 100
200520_133_7558_9.txt 12 0.2812 0.3894 0.3029 0.2476 100
200521_111_16718_8.txt 9 0.0397 0.9381 0.0793 0.1238 100
200520_111_4901_0.txt 7 0.4159 0.8846 0.149 0.0962 100
200521_111_16722_5.txt 9 0.4784 0.113 0.1418 0.149 100
200521_133_19376_2.txt 2 0.774 0.6418 0.1587 0.1442 50
200521_111_16718_5.txt 9 0.4111 0.351 0.0889 0.137 100
200520_133_4128_8.txt 2 0.1562 0.1298 0.2332 0.2043 75
200520_133_7547_1.txt 12 0.8101 0.637 0.3101 0.3125 100
200521_133_14243_0.txt 9 0.238 0.75 0.1322 0.0962 100
200520_133_7553_24.txt 12 0.6106 0.9195 0.3197 0.1611 100
200520_133_7551_27.txt 12 0.2212 0.143 0.3197 0.2861 100
200520_111_5162_9.txt 3 0.7524 0.5048 0.2091 0.0721 75
200520_133_7550_0.txt 12 0.738 0.375 0.3101 0.3029 100
200520_133_7552_3.txt 12 0.3654 0.5072 0.3197 0.3173 50
200520_133_7570_6.txt 12 0.3197 0.5913 0.3197 0.3173 100
200520_133_7550_30.txt 12 0.7452 0.3389 0.3197 0.3173 50
200520_133_7553_4.txt 12 0.7043 0.7308 0.3197 0.3173 100
200520_133_7547_10.txt 12 0.3365 0.8173 0.3029 0.3125 100
200521_111_16718_4.txt 9 0.2284 0.1226 0.113 0.1466 100
200520_133_7553_44.txt 12 0.7452 0.5913 0.3197 0.3173 100
200520_133_4128_6.txt 2 0.9159 0.0883 0.1226 0.1767 25
200520_133_4128_6.txt 2 0.0312 0.1611 0.0625 0.2332 100
200520_133_4128_6.txt 2 0.0643 0.1803 0.1286 0.2404 100
200520_133_4128_6.txt 2 0.762 0.6226 0.1851 0.2332 25
200520_111_5163_16.txt 3 0.9333 0.4255 0.1334 0.0697 100
200520_133_7568_1.txt 12 0.4183 0.2957 0.3197 0.3173 100
200520_133_7548_26.txt 12 0.8582 0.6178 0.2668 0.2909 100
200520_133_7553_43.txt 12 0.5553 0.845 0.3197 0.3101 100
200520_111_4899_4.txt 5 0.2788 0.0601 0.0697 0.0913 25
200520_133_7551_33.txt 12 0.3966 0.5625 0.3197 0.3173 100
200520_133_7552_5.txt 12 0.6707 0.4135 0.3197 0.3173 100
200521_133_17310_1.txt 14 0.6346 0.0793 0.0433 0.0673 100
200521_133_16029_4.txt 9 0.7885 0.6514 0.0865 0.113 100
200520_133_7562_1.txt 12 0.3005 0.5 0.2981 0.3029 100
200520_133_7563_0.txt 12 0.7548 0.488 0.3101 0.2957 100
200520_111_4930_0.txt 12 0.4062 0.7236 0.0457 0.0385 100
200520_133_7558_3.txt 12 0.7981 0.8269 0.2837 0.2885 100
200520_133_5873_1.txt 8 0.2933 0.0625 0.0553 0.0673 100
200521_133_20958_0.txt 2 0.5048 0.6226 0.2019 0.0841 100
200520_133_7561_8.txt 12 0.896 0.5361 0.2079 0.3173 100
200520_133_7551_6.txt 12 0.3558 0.8101 0.3197 0.3173 100
200520_133_7552_29.txt 12 0.8816 0.3966 0.2368 0.3173 100
200521_133_21621_19.txt 14 0.1322 0.4375 0.0553 0.0625 100
200520_133_7555_12.txt 12 0.1508 0.6202 0.3017 0.3173 100
200520_133_7551_17.txt 12 0.7428 0.1971 0.3197 0.3173 100
200520_133_7568_3.txt 12 0.8245 0.2837 0.3197 0.3173 100
200520_111_4900_6.txt 7 0.2284 0.8582 0.1418 0.1058 100
200520_133_7550_22.txt 12 0.0709 0.5048 0.1418 0.3125 100
200520_133_7560_10.txt 12 0.5745 0.2236 0.3197 0.3173 100
200520_133_7550_5.txt 12 0.7188 0.5433 0.3197 0.3125 100
200520_133_5873_2.txt 8 0.3918 0.4567 0.0697 0.0841 100
200520_133_7551_13.txt 12 0.1268 0.1514 0.2536 0.3029 100
200520_133_7559_23.txt 12 0.2476 0.2236 0.3197 0.3173 100
200520_133_7550_29.txt 12 0.5769 0.6178 0.3101 0.3029 100
200520_133_7553_38.txt 12 0.866 0.649 0.268 0.3173 100
200521_133_16029_1.txt 9 0.8702 0.7981 0.0865 0.0986 100
200521_133_16144_0.txt 9 0.6755 0.0343 0.1394 0.0685 100
200520_111_9666_1.txt 14 0.8341 0.1106 0.0697 0.0433 100
200521_133_21621_12.txt 14 0.6971 0.9303 0.0793 0.0649 100
200520_111_8804_0.txt 3 0.0787 0.6514 0.1575 0.149 50
200520_133_7554_29.txt 12 0.5913 0.488 0.3197 0.3173 100
200520_133_7566_5.txt 12 0.2452 0.6803 0.2981 0.2812 100
200520_133_7566_5.txt 12 0.4591 0.8918 0.3101 0.2163 100
200520_111_6060_1.txt 5 0.899 0.0625 0.113 0.0625 25
200520_133_7552_4.txt 12 0.128 0.8173 0.256 0.3029 100
200520_133_4129_5.txt 2 0.9543 0.7115 0.0913 0.2596 100
200520_133_4128_14.txt 2 0.6587 0.5913 0.2332 0.1611 50
200520_133_4128_14.txt 2 0.5601 0.9014 0.2332 0.1779 100
200520_133_7551_29.txt 12 0.8552 0.2909 0.2897 0.3173 100
200521_111_16122_3.txt 5 0.5769 0.9303 0.0457 0.1394 100
200520_133_7549_9.txt 12 0.5986 0.131 0.3197 0.262 100
200520_133_7572_0.txt 12 0.238 0.6106 0.274 0.2957 100
200521_133_21620_8.txt 14 0.8101 0.3846 0.0625 0.0721 100
200520_133_7549_27.txt 12 0.2428 0.9171 0.2548 0.1659 100
200520_133_7569_4.txt 12 0.8245 0.3317 0.2981 0.2812 100
200520_133_7563_6.txt 12 0.4808 0.8918 0.3197 0.2163 100
200520_111_4898_0.txt 5 0.7452 0.7933 0.1202 0.0361 25
200520_133_7557_2.txt 12 0.5889 0.2428 0.3197 0.3173 100
200520_111_2974_2.txt 17 0.7957 0.7933 0.0817 0.1226 100
200520_133_11108_1.txt 10 0.1947 0.7428 0.1947 0.1514 100
200520_133_11108_1.txt 10 0.6923 0.9621 0.274 0.0757 100
200520_133_7555_10.txt 12 0.9141 0.4207 0.1719 0.3173 100
200520_133_7559_4.txt 12 0.9141 0.5601 0.1719 0.3173 100
200520_111_10724_0.txt 12 0.851 0.9423 0.2332 0.0986 100
200520_133_8593_1.txt 3 0.875 0.2788 0.1418 0.1514 75
200520_133_8593_1.txt 3 0.5625 0.8558 0.0793 0.2332 75
200521_111_16726_1.txt 5 0.4159 0.9694 0.1322 0.0613 25
200521_111_21730_1.txt 5 0.899 0.4399 0.0264 0.0817 25
200520_111_10606_0.txt 5 0.9207 0.5096 0.149 0.0529 50
200521_133_21621_9.txt 14 0.3726 0.4183 0.0962 0.0649 100
200521_133_21621_15.txt 14 0.601 0.5481 0.0865 0.0865 100
200520_133_7551_11.txt 12 0.0685 0.4976 0.137 0.2716 100
200521_133_21621_10.txt 14 0.0986 0.0337 0.0601 0.0625 100
200521_111_16122_8.txt 5 0.6202 0.488 0.0433 0.137 50
200521_111_16122_8.txt 5 0.774 0.5793 0.0697 0.1226 50
200521_111_16122_8.txt 5 0.7981 0.7188 0.0889 0.0962 50
200520_133_9885_3.txt 5 0.9303 0.8197 0.0288 0.0841 25
200520_133_7547_8.txt 12 0.2332 0.8077 0.3101 0.2933 100
200520_133_11108_0.txt 10 0.7957 0.4688 0.3005 0.1947 100
200520_133_7550_18.txt 12 0.2019 0.86 0.2861 0.28 100
200521_111_16717_19.txt 9 0.6106 0.1635 0.0986 0.1779 100
200521_111_16122_12.txt 9 0.2837 0.2019 0.0793 0.1707 100
200520_111_4902_4.txt 5 0.012 0.3221 0.024 0.0889 25
200520_133_7565_0.txt 12 0.1064 0.2788 0.2127 0.3173 100
200520_133_4128_9.txt 2 0.7452 0.2236 0.238 0.1779 100
200520_133_4128_9.txt 2 0.6899 0.3101 0.2043 0.113 100
200520_133_10644_1.txt 3 0.8269 0.0547 0.0889 0.1094 100
200520_111_4903_2.txt 5 0.6538 0.1923 0.0337 0.0865 25
200520_133_7554_11.txt 12 0.4111 0.5264 0.3197 0.3173 100
200520_133_7552_42.txt 12 0.0847 0.4808 0.1695 0.2909 100
200520_133_6003_4.txt 2 0.3462 0.6298 0.113 0.2139 100
200520_133_6003_4.txt 2 0.3918 0.7308 0.0986 0.2139 100
200520_133_7547_6.txt 12 0.3942 0.1208 0.2668 0.2416 100
200520_133_7552_35.txt 12 0.8576 0.1611 0.2849 0.3173 100
200521_133_16070_0.txt 8 0.2981 0.8558 0.0673 0.0649 100
200520_133_7553_9.txt 12 0.2885 0.6418 0.3197 0.3173 100
200520_133_7559_19.txt 12 0.0895 0.3245 0.1791 0.3173 100
200520_133_7551_20.txt 12 0.6538 0.601 0.3197 0.2957 100
200520_133_7552_19.txt 12 0.4351 0.3846 0.3197 0.3173 100
200520_133_7548_28.txt 12 0.4928 0.0805 0.3005 0.1611 100
200520_133_7558_11.txt 12 0.3918 0.4231 0.2091 0.2163 100
200520_133_7562_2.txt 12 0.7163 0.5024 0.3197 0.3173 100
200520_111_5965_1.txt 5 0.9766 0.3077 0.0469 0.024 25
200521_133_21620_10.txt 14 0.7404 0.1971 0.0721 0.0865 100
200520_133_7563_5.txt 12 0.3221 0.1382 0.3197 0.2764 100
200520_133_7561_5.txt 12 0.854 0.6755 0.2921 0.3173 100
200520_133_5872_0.txt 8 0.8173 0.6562 0.0601 0.0697 100
200520_111_5270_1.txt 5 0.2764 0.75 0.0721 0.0938 50
200520_133_7558_7.txt 12 0.8732 0.2692 0.2536 0.3173 100
200521_133_16029_3.txt 9 0.3438 0.0276 0.0697 0.0553 100
200520_133_7569_1.txt 12 0.4639 0.0938 0.3197 0.1875 100
200521_111_16722_1.txt 2 0.0439 0.8966 0.0877 0.1322 100
200520_111_11183_1.txt 5 0.8486 0.6731 0.0457 0.1058 25
200521_111_16715_8.txt 9 0.6875 0.4832 0.1418 0.0889 100
200520_133_7552_44.txt 12 0.3293 0.6298 0.3197 0.3173 100
200520_133_7550_28.txt 12 0.9087 0.3702 0.1827 0.2524 100
200520_133_7552_14.txt 12 0.1208 0.3486 0.2416 0.3173 100
200520_133_7559_22.txt 12 0.122 0.1947 0.244 0.3173 100
200520_133_7550_26.txt 12 0.3702 0.8954 0.3197 0.2091 50
200520_111_5162_0.txt 3 0.0607 0.6082 0.1214 0.1418 75
200520_133_7551_15.txt 12 0.1136 0.5865 0.2272 0.3173 100
200520_111_9667_0.txt 5 0.637 0.113 0.0938 0.0673 25
200520_133_6003_5.txt 2 0.762 0.4663 0.1322 0.2933 100
200520_133_6003_5.txt 2 0.8702 0.6923 0.0697 0.1875 25
200520_133_6003_5.txt 2 0.762 0.774 0.1394 0.2524 50
200520_111_5162_1.txt 3 0.6394 0.363 0.1755 0.0649 50
200520_133_7559_10.txt 12 0.4279 0.4303 0.3197 0.3173 100
200520_133_7550_9.txt 12 0.4255 0.4447 0.274 0.3029 100
200520_133_7553_21.txt 12 0.351 0.1004 0.2812 0.2007 100
200520_133_7553_47.txt 12 0.2861 0.4447 0.3197 0.3173 100
200520_133_7555_20.txt 12 0.5433 0.5938 0.3197 0.3173 100
200521_111_16716_10.txt 9 0.1346 0.3413 0.1418 0.1442 100
200520_133_7564_1.txt 12 0.7788 0.6058 0.3197 0.3173 100
200520_111_5953_1.txt 7 0.3726 0.9663 0.1226 0.0673 100
200521_111_16717_15.txt 9 0.3582 0.7188 0.0697 0.1707 100
200520_133_7555_4.txt 12 0.4231 0.8498 0.3197 0.3005 100
200520_111_6726_0.txt 5 0.7981 0.8341 0.1058 0.0793 25
200521_111_16717_12.txt 9 0.5817 0.5481 0.149 0.0889 100
200520_133_7554_2.txt 12 0.3365 0.7957 0.3197 0.2885 100
200520_133_7553_40.txt 12 0.5216 0.7812 0.3197 0.3173 100
200520_133_7567_1.txt 12 0.2236 0.8966 0.3197 0.2067 100
200520_133_7553_52.txt 12 0.0835 0.6875 0.1671 0.3173 100
200520_133_7547_14.txt 12 0.9111 0.8726 0.1779 0.2548 100
200520_133_7555_7.txt 12 0.7957 0.1382 0.3197 0.2764 100
200520_133_7555_17.txt 12 0.7668 0.1394 0.3197 0.2788 100
200520_133_4128_10.txt 2 0.1004 0.3005 0.2007 0.1707 100
200520_133_4128_15.txt 2 0.1322 0.0763 0.2284 0.1526 100
200520_133_7549_39.txt 12 0.1851 0.2764 0.3197 0.2476 100
200520_133_7565_7.txt 12 0.4567 0.5337 0.3197 0.3173 100
200520_111_4897_2.txt 5 0.601 0.2212 0.0601 0.113 25
200520_133_7549_11.txt 12 0.5337 0.0841 0.3197 0.1683 50
200520_133_7561_4.txt 12 0.3173 0.1106 0.3197 0.2212 100
200520_133_7548_23.txt 12 0.0895 0.4856 0.1791 0.3173 50
200521_133_21632_7.txt 13 0.7524 0.0361 0.0409 0.0649 100
200521_133_21632_7.txt 13 0.5168 0.0889 0.0337 0.0529 100
200520_133_7551_5.txt 12 0.7043 0.2356 0.3197 0.3173 100
200521_111_16722_4.txt 9 0.9772 0.7404 0.0457 0.0817 100
200520_133_7547_15.txt 12 0.6538 0.7308 0.2596 0.2668 100
200521_133_20906_0.txt 2 0.0907 0.5986 0.1815 0.2596 75
200520_133_7549_5.txt 12 0.7404 0.4832 0.274 0.3125 100
200520_133_7553_7.txt 12 0.3173 0.5457 0.3197 0.3173 100
200520_133_7548_0.txt 12 0.5048 0.3966 0.3029 0.2764 100
200520_111_8806_0.txt 3 0.7644 0.6226 0.0865 0.2284 100
200520_133_4129_4.txt 2 0.226 0.1755 0.113 0.3029 100
200520_133_4129_4.txt 2 0.125 0.1875 0.1322 0.3221 100
200520_111_6063_0.txt 5 0.2115 0.1034 0.113 0.0385 25
200520_111_6063_0.txt 5 0.1587 0.1803 0.0986 0.0361 25
200520_111_6063_0.txt 5 0.3293 0.2236 0.1058 0.0385 25
200520_111_6063_0.txt 5 0.3942 0.2692 0.0938 0.0529 25
200520_111_6063_0.txt 5 0.2067 0.2837 0.1226 0.0457 25
200520_111_6063_0.txt 5 0.5168 0.3822 0.0673 0.0745 25
200520_133_7555_3.txt 12 0.878 0.8846 0.244 0.2308 100
200520_133_7548_17.txt 12 0.1707 0.9117 0.3101 0.1767 100
200520_111_5983_0.txt 5 0.2668 0.7284 0.0529 0.1082 25
200520_133_7561_11.txt 12 0.3894 0.0913 0.3197 0.1827 100
200520_133_7550_35.txt 12 0.5168 0.4423 0.3197 0.3173 100
200520_133_7553_35.txt 12 0.1779 0.3029 0.3197 0.3173 100
200520_133_7553_35.txt 12 0.1136 0.7957 0.2272 0.3173 100
200521_111_21718_0.txt 14 0.5072 0.4231 0.0769 0.1274 100
200520_133_7549_28.txt 12 0.8173 0.5938 0.274 0.2933 100
200520_111_4903_0.txt 8 0.1755 0.2861 0.0433 0.0793 100
200520_111_5967_3.txt 5 0.1466 0.9255 0.1082 0.0337 25
200520_111_5162_2.txt 3 0.0589 0.4543 0.1178 0.0625 25
200520_133_7554_38.txt 12 0.7019 0.8786 0.2981 0.2428 100
200520_133_7551_37.txt 12 0.3317 0.8498 0.3197 0.3005 100
200520_133_7553_32.txt 12 0.1947 0.625 0.3197 0.3173 100
200520_133_7552_37.txt 12 0.1484 0.3678 0.2969 0.3173 100
200521_133_21632_1.txt 13 0.6562 0.262 0.0457 0.0385 100
200521_133_21632_1.txt 13 0.8293 0.7404 0.0529 0.0361 100
200520_133_7558_12.txt 12 0.512 0.095 0.3197 0.1899 100
200520_133_7548_21.txt 12 0.7981 0.2091 0.2933 0.3125 100
200520_111_5247_1.txt 5 0.7188 0.863 0.0769 0.1154 25
200520_133_7553_37.txt 12 0.4351 0.1094 0.3197 0.2188 100
200520_133_5104_0.txt 3 0.887 0.8774 0.2212 0.0673 75
200520_133_6004_0.txt 2 0.3149 0.6562 0.1851 0.125 50
200520_133_6004_0.txt 2 0.3846 0.7163 0.1851 0.1611 75
200520_133_6004_0.txt 2 0.6082 0.7837 0.2043 0.1178 100
200520_133_7553_36.txt 12 0.0871 0.9062 0.1743 0.1875 100
200520_111_5035_2.txt 2 0.0841 0.5913 0.0721 0.2692 25
200520_133_7555_11.txt 12 0.9141 0.3173 0.1719 0.3173 100
200520_133_7562_6.txt 12 0.9069 0.2644 0.1863 0.3173 100
200521_111_16716_9.txt 9 0.5649 0.6106 0.1154 0.1226 100
200520_133_7565_10.txt 12 0.8972 0.3606 0.2055 0.3173 100
200520_133_7550_16.txt 12 0.5745 0.2933 0.3197 0.3125 100
200520_133_7550_47.txt 12 0.8924 0.9159 0.2151 0.1683 100
200520_133_7554_16.txt 12 0.1484 0.5288 0.2969 0.3173 100
200520_133_7551_4.txt 12 0.0799 0.7212 0.1599 0.3173 100
200520_111_4899_5.txt 5 0.476 0.149 0.0216 0.0889 25
200520_111_4899_5.txt 5 0.4856 0.2332 0.0264 0.1058 25
200520_133_7551_32.txt 12 0.5577 0.1875 0.3197 0.3173 100
200520_133_7566_2.txt 12 0.8077 0.3125 0.3197 0.3173 100
200520_133_7547_9.txt 12 0.7043 0.0781 0.3197 0.1562 100
200520_133_7554_22.txt 12 0.8516 0.3894 0.2969 0.3173 100
200520_133_7550_23.txt 12 0.3245 0.1016 0.2909 0.2031 100
200520_133_7553_27.txt 12 0.8852 0.5072 0.2296 0.3173 100
200520_133_7568_2.txt 12 0.3942 0.9081 0.2981 0.1839 100
200520_133_7565_11.txt 12 0.5072 0.3389 0.3197 0.3173 100
200520_133_7557_6.txt 12 0.8407 0.5649 0.3185 0.3173 100
200520_133_7550_38.txt 12 0.6827 0.1238 0.3197 0.2476 100
200520_133_7551_3.txt 12 0.902 0.8438 0.1959 0.3125 100
200521_111_16718_2.txt 9 0.5553 0.5337 0.1755 0.1202 100
200520_111_11183_8.txt 5 0.363 0.1394 0.0769 0.0649 100
200520_111_5955_1.txt 5 0.6442 0.0361 0.0721 0.0721 25
200520_111_11185_2.txt 6 0.7548 0.2067 0.0793 0.0889 100
200520_133_7548_15.txt 12 0.4663 0.3077 0.3197 0.2957 100
200520_133_7571_1.txt 12 0.7548 0.1226 0.3197 0.2452 100
200520_133_7562_0.txt 12 0.3221 0.6178 0.3197 0.3173 100
200520_133_7550_2.txt 12 0.601 0.5649 0.3029 0.2692 100
200520_111_4900_1.txt 5 0.4471 0.0553 0.0529 0.0745 25
200520_111_4900_1.txt 5 0.6322 0.3101 0.0505 0.0841 25
200521_133_21620_9.txt 14 0.75 0.6106 0.0409 0.0529 100
200521_133_21631_11.txt 14 0.0625 0.6106 0.0601 0.0577 100
200520_133_7553_22.txt 12 0.8492 0.3582 0.3017 0.3173 100
200520_133_7550_27.txt 12 0.1875 0.1202 0.2596 0.2404 100
200520_133_7553_15.txt 12 0.726 0.7308 0.3197 0.3173 100
200520_133_7554_6.txt 12 0.6971 0.4423 0.2548 0.3125 100
200520_133_7559_0.txt 12 0.7428 0.9135 0.3197 0.1731 100
200520_111_5966_0.txt 5 0.7188 0.8894 0.1034 0.0433 25
200520_111_5985_1.txt 5 0.9471 0.1587 0.1058 0.0264 25
200520_133_7555_1.txt 12 0.134 0.8918 0.268 0.2163 100
200521_111_16715_4.txt 9 0.4351 0.0505 0.1851 0.0673 100
200521_111_16715_4.txt 9 0.3365 0.2452 0.0817 0.0817 100
200520_133_7548_11.txt 12 0.4471 0.649 0.2644 0.2909 100
200520_133_7562_3.txt 12 0.3341 0.5168 0.3197 0.3173 100
200520_133_7550_1.txt 12 0.7115 0.2308 0.3101 0.2957 100
200520_111_4917_0.txt 8 0.6635 0.5288 0.0529 0.0409 100
200521_133_17310_0.txt 7 0.5817 0.4928 0.0721 0.1514 100
200521_111_21731_4.txt 5 0.7139 0.2091 0.0769 0.0913 25
200521_133_21621_6.txt 14 0.9639 0.9495 0.0625 0.0962 100
200521_133_21621_16.txt 14 0.2644 0.8534 0.0601 0.0745 100
200520_133_9885_2.txt 5 0.4135 0.2885 0.0264 0.0962 25
200520_133_7563_2.txt 12 0.8221 0.7909 0.3197 0.3173 100
200521_133_21621_1.txt 14 0.5288 0.2885 0.0697 0.1106 100
200520_133_7550_40.txt 12 0.4014 0.4495 0.3197 0.3173 100
200520_133_7552_24.txt 12 0.4231 0.7115 0.3197 0.3173 100
200520_133_7552_12.txt 12 0.4087 0.8413 0.3197 0.3173 100
200521_133_19376_0.txt 2 0.9429 0.7524 0.1142 0.1683 75
200520_133_7558_8.txt 12 0.4808 0.637 0.3197 0.3173 100
200520_133_7552_30.txt 12 0.8588 0.4928 0.2825 0.3173 100
200520_133_4129_11.txt 2 0.8413 0.7716 0.2332 0.1779 75
200520_133_4129_11.txt 2 0.8125 0.8882 0.2476 0.2236 100
200520_133_7552_47.txt 12 0.0871 0.4519 0.1743 0.3173 100
200520_133_7548_33.txt 12 0.1875 0.3942 0.3101 0.2909 100
200520_133_7570_5.txt 12 0.6298 0.399 0.3197 0.3173 100
200520_133_7559_1.txt 12 0.8696 0.6106 0.2608 0.3173 100
200520_111_11185_0.txt 12 0.6466 0.7163 0.0433 0.0529 100
200520_133_7554_36.txt 12 0.8858 0.6034 0.2284 0.2812 100
200520_111_6060_0.txt 5 0.0817 0.9087 0.1034 0.0601 25
200520_111_5983_1.txt 5 0.0625 0.9639 0.0986 0.0433 25
200520_133_7558_1.txt 12 0.7043 0.1442 0.2837 0.2668 100
200520_111_4900_2.txt 7 0.7692 0.4255 0.1442 0.0962 100
200520_133_7554_20.txt 12 0.4087 0.1046 0.3197 0.2091 100
200520_111_8806_1.txt 3 0.5072 0.4375 0.2212 0.101 100
200520_111_5981_1.txt 5 0.2019 0.0793 0.113 0.0385 25
200520_111_5981_1.txt 5 0.1034 0.0913 0.0938 0.0264 25
200520_133_11108_3.txt 10 0.0739 0.3101 0.1478 0.125 100
200520_133_11108_3.txt 10 0.0505 0.399 0.101 0.0986 100
200520_133_11108_3.txt 10 0.3125 0.6346 0.2043 0.1683 100
200520_133_11108_3.txt 10 0.3053 0.8149 0.1683 0.2212 100
200520_133_7548_27.txt 12 0.6923 0.149 0.2909 0.2885 100
200520_111_4899_7.txt 5 0.0385 0.1154 0.0409 0.0938 25
200521_111_16722_2.txt 2 0.75 0.1226 0.113 0.0962 50
200521_111_16722_2.txt 2 0.9207 0.1346 0.1058 0.0601 50
200521_111_16722_2.txt 2 0.8389 0.2091 0.1058 0.0673 50
200521_133_19376_1.txt 2 0.149 0.9014 0.1683 0.113 100
200520_133_7548_31.txt 12 0.4543 0.9032 0.2596 0.1935 100
200520_133_7557_1.txt 12 0.2596 0.0793 0.3197 0.1587 100
200520_133_7559_17.txt 12 0.7909 0.1923 0.3197 0.3173 100
200520_111_10608_0.txt 5 0.5048 0.8726 0.1226 0.0601 50
200521_133_21620_4.txt 14 0.0769 0.3726 0.0697 0.0697 100
200520_111_4897_0.txt 5 0.5986 0.601 0.0337 0.1178 25
200520_133_7559_12.txt 12 0.4615 0.8834 0.3197 0.2332 100
200520_133_7549_16.txt 12 0.75 0.9261 0.3029 0.1478 100
200520_111_5968_2.txt 11 0.5817 0.1034 0.0529 0.1178 100
200520_133_7565_3.txt 12 0.2356 0.2812 0.3197 0.3173 100
200520_133_7553_48.txt 12 0.524 0.524 0.3197 0.3173 100
200520_133_7567_7.txt 12 0.1172 0.1514 0.2344 0.3029 100
200521_133_21620_11.txt 14 0.7572 0.6178 0.0769 0.0938 100
200520_133_8593_2.txt 3 0.9675 0.1028 0.0649 0.2055 100
200521_133_16145_0.txt 9 0.387 0.3726 0.2043 0.1514 100
200520_133_7553_39.txt 12 0.6082 0.2067 0.3197 0.3173 100
200521_133_21619_1.txt 14 0.6538 0.3438 0.0553 0.0697 100
200520_111_5162_10.txt 3 0.3029 0.3774 0.1827 0.0673 75
200520_133_6002_4.txt 2 0.8005 0.6635 0.0986 0.1947 100
200520_133_6002_4.txt 2 0.6707 0.75 0.0865 0.1514 100
200520_133_6002_4.txt 2 0.8005 0.8726 0.0793 0.1442 50
200520_111_5163_17.txt 3 0.8125 0.649 0.1659 0.0553 50
200520_111_5967_1.txt 5 0.1466 0.4856 0.1058 0.0312 25
200520_111_4901_1.txt 5 0.6851 0.2644 0.0673 0.0745 25
200520_133_7549_0.txt 12 0.5337 0.5889 0.3197 0.3173 50
200520_133_7560_0.txt 12 0.75 0.2356 0.3197 0.3173 100
200521_111_21730_7.txt 12 0.5529 0.101 0.0433 0.0385 100
200521_133_16070_2.txt 9 0.7212 0.0216 0.125 0.0433 100
200520_133_7555_15.txt 12 0.2163 0.1538 0.3197 0.3077 100
200520_133_7549_36.txt 12 0.1587 0.0968 0.3101 0.1935 100
200520_133_7550_15.txt 12 0.1659 0.2091 0.3197 0.3173 100
200520_133_5876_0.txt 8 0.3486 0.7115 0.0505 0.0721 100
200521_111_21730_6.txt 12 0.6803 0.0986 0.0721 0.0457 100
200520_133_7557_4.txt 12 0.128 0.2115 0.256 0.3173 100
200520_111_5163_7.txt 3 0.851 0.637 0.1226 0.113 100
200520_111_5163_7.txt 3 0.3942 0.887 0.1394 0.0649 100
200521_111_16718_0.txt 9 0.3029 0.9543 0.1058 0.0913 100
200520_111_4902_6.txt 8 0.8654 0.851 0.0505 0.0697 100
200521_111_21729_4.txt 12 0.6995 0.6659 0.0409 0.0553 100
200521_111_16717_6.txt 8 0.387 0.5938 0.0793 0.0697 100
200521_111_16717_6.txt 8 0.0529 0.7091 0.0793 0.0529 100
200520_133_7547_13.txt 12 0.5457 0.7043 0.3197 0.3173 50
200520_133_7548_18.txt 12 0.774 0.1124 0.3029 0.2248 100
200520_133_7552_7.txt 12 0.351 0.1538 0.3197 0.3077 100
200520_133_7565_13.txt 12 0.2644 0.8906 0.2837 0.2188 100
200521_133_21620_13.txt 14 0.9375 0.6587 0.0865 0.0986 100
200521_111_21729_0.txt 12 0.6587 0.5745 0.0529 0.0625 100
200520_133_8592_6.txt 3 0.2139 0.6442 0.2139 0.1923 100
200521_111_16718_3.txt 9 0.6899 0.8149 0.1514 0.125 100
200520_133_7559_8.txt 12 0.625 0.6875 0.3197 0.3173 100
200520_111_5247_0.txt 5 0.4351 0.8149 0.0601 0.1178 25
200520_133_7549_7.txt 12 0.149 0.8317 0.2837 0.2308 100
200520_133_7551_1.txt 12 0.4135 0.9135 0.3197 0.1731 100
200520_133_7552_11.txt 12 0.1731 0.7668 0.2981 0.2909 100
200520_133_7551_21.txt 12 0.6178 0.1851 0.3197 0.3173 100
200520_133_10644_0.txt 3 0.476 0.2308 0.0889 0.2284 100
200520_133_10644_0.txt 3 0.2933 0.3269 0.125 0.2332 75
200520_133_10644_0.txt 3 0.4808 0.476 0.1202 0.2452 100
200520_133_7556_2.txt 12 0.9159 0.887 0.1683 0.226 100
200520_111_5162_12.txt 3 0.0619 0.6947 0.1238 0.0601 50
200521_133_21632_6.txt 13 0.524 0.0312 0.0361 0.0553 100
200521_133_21632_6.txt 13 0.375 0.1538 0.0433 0.0481 100
200521_133_21632_6.txt 13 0.5 0.3245 0.0361 0.0577 100
200521_133_21632_6.txt 13 0.6562 0.351 0.0361 0.0553 100
200520_133_9885_5.txt 5 0.9495 0.1346 0.0288 0.0986 25
200521_133_13783_0.txt 16 0.0697 0.9495 0.0553 0.0553 100
200520_133_7568_0.txt 12 0.8972 0.2933 0.2055 0.2933 100
200520_133_7566_10.txt 12 0.1172 0.3413 0.2344 0.3173 100
200520_133_7571_6.txt 12 0.4952 0.0998 0.2909 0.1995 100
200521_133_21632_4.txt 13 0.8173 0.0433 0.0433 0.0481 100
200521_133_21632_4.txt 13 0.9663 0.125 0.0433 0.0481 100
200521_133_21632_4.txt 13 0.1298 0.2332 0.0505 0.0385 100
200521_133_21632_4.txt 13 0.6899 0.2548 0.0433 0.0457 100
200521_133_21632_4.txt 13 0.5433 0.387 0.0433 0.0433 50
200521_133_21632_4.txt 13 0.988 0.5096 0.024 0.0385 100
200521_133_21632_4.txt 13 0.4255 0.5673 0.0337 0.0553 100
200521_133_21632_4.txt 13 0.8462 0.5745 0.0337 0.0457 100
200521_133_21632_4.txt 13 0.2115 0.5793 0.0409 0.0601 100
200521_133_21632_4.txt 13 0.7981 0.7332 0.0337 0.0529 100
200521_133_21632_4.txt 13 0.4567 0.8606 0.0337 0.0553 100
200521_133_21632_4.txt 13 0.2861 0.985 0.0529 0.03 100
200520_133_7553_31.txt 12 0.4663 0.4183 0.3197 0.3173 100
200520_133_7549_12.txt 12 0.3413 0.3654 0.2861 0.3029 100
200520_111_4902_5.txt 5 0.8678 0.3726 0.0769 0.0697 25
200520_133_5873_3.txt 8 0.524 0.0234 0.0529 0.0469 100
200521_133_21621_5.txt 14 0.863 0.982 0.0697 0.0361 100
200520_133_7567_0.txt 12 0.7428 0.3582 0.3197 0.3173 100
200520_133_7549_15.txt 12 0.1388 0.2188 0.2776 0.3029 100
200521_133_21620_3.txt 14 0.9688 0.1442 0.0553 0.0817 100
200521_133_21620_3.txt 14 0.0246 0.8245 0.0493 0.0697 100
200520_133_7560_2.txt 12 0.878 0.3269 0.244 0.3173 100
200520_133_7552_32.txt 12 0.8468 0.8834 0.3065 0.2332 100
200521_133_21621_14.txt 14 0.5337 0.1418 0.0865 0.0673 100
200520_133_8593_9.txt 3 0.9688 0.0817 0.0625 0.1635 50
200520_133_8593_9.txt 3 0.8341 0.3582 0.1851 0.2236 75
200520_133_7551_26.txt 12 0.226 0.8269 0.3029 0.2885 100
200520_133_7550_36.txt 12 0.3173 0.2524 0.2837 0.3125 100
200520_133_7560_3.txt 12 0.4255 0.6635 0.2981 0.2957 100
200521_111_16716_2.txt 9 0.1779 0.1947 0.1394 0.0865 100
200521_133_20958_2.txt 2 0.134 0.8672 0.268 0.2656 100
200520_133_4128_2.txt 2 0.524 0.3101 0.1322 0.3029 100
200520_133_4128_2.txt 2 0.6178 0.3149 0.1058 0.3221 100
200520_133_7557_0.txt 12 0.637 0.5433 0.3197 0.3173 100
200520_133_7555_2.txt 12 0.878 0.4567 0.244 0.3173 100
200520_133_7547_2.txt 12 0.762 0.6226 0.2981 0.2812 100
200520_133_8593_8.txt 3 0.4447 0.4375 0.2284 0.2452 100
200520_133_7553_2.txt 12 0.5962 0.1526 0.3197 0.3053 100
200521_111_16718_7.txt 8 0.1971 0.8966 0.0553 0.0649 100
200520_133_7549_13.txt 12 0.4639 0.0889 0.3029 0.1779 100
200520_133_7551_19.txt 12 0.7115 0.9273 0.2668 0.1454 100
200521_133_20959_2.txt 2 0.387 0.9447 0.2332 0.1106 100
200520_133_7552_10.txt 12 0.8684 0.1358 0.2632 0.2716 100
200520_133_8592_17.txt 3 0.7212 0.262 0.0865 0.2692 100
200520_133_8592_17.txt 3 0.774 0.2788 0.0673 0.2163 100
200520_133_8592_12.txt 3 0.4615 0.0222 0.2644 0.0445 100
200520_133_8592_12.txt 3 0.8005 0.3486 0.2404 0.1947 100
200521_111_16717_13.txt 9 0.0559 0.3317 0.1118 0.1106 100
200521_133_21619_2.txt 14 0.8966 0.6851 0.0673 0.0865 100
200521_111_16122_10.txt 5 0.7308 0.5649 0.125 0.113 50
200520_133_7554_25.txt 12 0.8672 0.896 0.2656 0.2079 100
200520_133_7549_31.txt 12 0.6971 0.0877 0.3197 0.1755 100
200521_111_16717_20.txt 9 0.1827 0.8125 0.113 0.125 100
200520_133_7554_4.txt 12 0.1755 0.5889 0.2981 0.2957 100
200521_111_16717_0.txt 9 0.3341 0.4014 0.0865 0.1442 100
200520_133_7549_23.txt 12 0.3678 0.0974 0.2572 0.1947 100
200520_133_7550_41.txt 12 0.6755 0.8822 0.3197 0.2356 100
200520_111_5162_13.txt 3 0.1587 0.0505 0.1947 0.0793 50
200520_133_6002_1.txt 2 0.8005 0.7139 0.0865 0.226 100
200520_133_6002_1.txt 2 0.8365 0.7861 0.1058 0.2043 50
200520_133_7571_4.txt 12 0.881 0.7596 0.238 0.2957 100
200520_133_7556_0.txt 12 0.1256 0.881 0.2512 0.238 100
200520_133_7553_12.txt 12 0.4351 0.875 0.3197 0.25 100
200520_133_7559_24.txt 12 0.774 0.1971 0.2909 0.3125 100
200520_133_7565_12.txt 12 0.2284 0.5457 0.3197 0.3173 100
200520_111_10725_0.txt 12 0.9207 0.0649 0.0938 0.0913 100
200520_111_5955_2.txt 15 0.262 0.2188 0.0529 0.0481 100
200520_111_5955_2.txt 15 0.1562 0.2236 0.0553 0.0529 100
200520_111_5955_2.txt 15 0.1899 0.2644 0.0505 0.0529 100
200520_111_5955_2.txt 15 0.2572 0.3053 0.0433 0.0409 100
200521_111_16715_11.txt 9 0.9621 0.9447 0.0757 0.0673 100
200520_133_6003_0.txt 2 0.5433 0.1202 0.1947 0.125 100
200520_133_6003_0.txt 2 0.6587 0.1538 0.1394 0.1394 100
200520_133_6003_0.txt 2 0.8678 0.2212 0.1779 0.113 100
200521_111_21730_5.txt 12 0.6899 0.4351 0.0433 0.0337 100
200520_133_7554_17.txt 12 0.4303 0.625 0.3197 0.3173 100
200520_111_5162_8.txt 3 0.3005 0.1755 0.1827 0.0673 75
200520_111_5162_8.txt 3 0.2812 0.2837 0.2043 0.0721 75
200520_133_7548_20.txt 12 0.7933 0.4327 0.274 0.2764 100
200520_133_7548_20.txt 12 0.7428 0.8984 0.3029 0.2031 100
200520_133_7565_8.txt 12 0.6923 0.2163 0.3197 0.3173 100
200520_111_4900_3.txt 7 0.4231 0.0457 0.0962 0.0913 100
200520_133_7549_25.txt 12 0.6034 0.5 0.3197 0.3173 50
200520_111_4900_5.txt 5 0.2548 0.9591 0.0216 0.0793 25
200520_111_5163_11.txt 3 0.4279 0.5529 0.149 0.0697 75
200521_133_21621_0.txt 14 0.0673 0.0481 0.0529 0.0649 100
200520_133_7560_8.txt 12 0.878 0.3462 0.244 0.3173 100
200520_133_7559_6.txt 12 0.7788 0.8966 0.3197 0.2067 100
200520_111_5954_2.txt 5 0.9357 0.3534 0.1286 0.0361 25
200521_111_16122_4.txt 5 0.1178 0.8798 0.0793 0.1226 50
200520_133_7551_35.txt 12 0.7091 0.6442 0.3197 0.3173 100
200520_133_6002_3.txt 2 0.1659 0.1418 0.1322 0.1875 75
200520_133_6002_3.txt 2 0.2909 0.2692 0.125 0.1514 50
200520_133_6002_3.txt 2 0.1466 0.3317 0.1394 0.1779 75
200520_133_6002_3.txt 2 0.0745 0.7067 0.149 0.1875 100
200520_111_4899_0.txt 5 0.1274 0.5721 0.1394 0.0385 25
200520_133_5877_0.txt 5 0.8822 0.2644 0.1514 0.0697 25
200520_133_7553_28.txt 12 0.226 0.601 0.3197 0.3173 100
200520_111_5248_0.txt 5 0.8486 0.613 0.0433 0.1082 25
200520_133_7553_23.txt 12 0.0895 0.8149 0.1791 0.3029 100
200521_133_21621_17.txt 14 0.625 0.6779 0.0865 0.0481 100
200520_133_7549_14.txt 12 0.262 0.6226 0.3101 0.2909 100
200521_133_21621_11.txt 14 0.976 0.1803 0.0481 0.0697 100
200520_133_7555_5.txt 12 0.9117 0.5577 0.1767 0.3173 100
200521_111_16717_16.txt 9 0.3606 0.7139 0.113 0.1394 100
200520_133_7547_5.txt 12 0.8125 0.8558 0.3197 0.2885 100
200521_133_19375_1.txt 2 0.0481 0.1298 0.0962 0.1875 50
200520_133_7550_19.txt 12 0.0877 0.3005 0.1755 0.2909 100
200521_111_16726_3.txt 9 0.2067 0.4062 0.0529 0.1226 100
200520_133_7555_13.txt 12 0.6562 0.6947 0.3197 0.3173 100
200520_133_4128_12.txt 2 0.1322 0.1226 0.2644 0.1514 100
200520_111_5163_0.txt 3 0.0637 0.0415 0.1274 0.0829 75
200520_133_7567_3.txt 12 0.6058 0.2572 0.3197 0.3173 100
200520_133_7550_42.txt 12 0.3582 0.2885 0.3197 0.3173 100
200521_133_20959_1.txt 2 0.9135 0.9044 0.1731 0.1911 100
200520_133_7554_35.txt 12 0.3317 0.3558 0.2572 0.2885 100
200520_133_7552_20.txt 12 0.5361 0.8894 0.3197 0.2212 100
200520_133_7560_6.txt 12 0.8005 0.8546 0.3197 0.2909 100
200520_133_7564_3.txt 12 0.0883 0.8341 0.1767 0.3173 100
200520_133_7548_25.txt 12 0.9038 0.9093 0.1923 0.1815 100
200521_111_16717_10.txt 9 0.9279 0.8173 0.125 0.1202 100
200520_111_4919_3.txt 6 0.3029 0.1274 0.0529 0.0986 100
200520_111_5162_5.txt 3 0.7524 0.0986 0.1226 0.0625 75
200520_111_5162_5.txt 3 0.1611 0.137 0.1082 0.0745 75
200520_133_7548_5.txt 12 0.0998 0.774 0.1995 0.2716 100
200520_133_7552_27.txt 12 0.0956 0.119 0.1911 0.238 100
200520_111_9666_2.txt 9 0.2163 0.4736 0.113 0.0865 100
200520_133_7549_37.txt 12 0.8942 0.726 0.2115 0.2716 100
200520_133_7558_10.txt 12 0.2764 0.8582 0.3197 0.2837 100
200520_133_7553_53.txt 12 0.3101 0.0998 0.3197 0.1995 100
200520_133_7551_28.txt 12 0.5457 0.0877 0.25 0.1755 100
200520_133_7550_4.txt 12 0.2861 0.8582 0.2981 0.2837 100
200520_111_5163_4.txt 3 0.0643 0.0252 0.1286 0.0505 100
200521_111_16716_0.txt 9 0.8197 0.5288 0.1514 0.1779 100
200521_111_16717_2.txt 9 0.3582 0.9579 0.125 0.0841 100
200520_111_5964_0.txt 5 0.2139 0.7476 0.0865 0.0457 25
200520_111_5964_0.txt 5 0.3774 0.8413 0.0721 0.0385 25
200520_111_5964_0.txt 5 0.1971 0.9495 0.1082 0.0649 25
200520_133_4128_1.txt 2 0.3173 0.1899 0.274 0.1875 100
200520_133_4128_1.txt 2 0.3413 0.2837 0.2019 0.1514 100
200520_133_7550_48.txt 12 0.9129 0.6731 0.1743 0.3173 50
200520_111_5162_6.txt 3 0.2284 0.2163 0.1322 0.0577 50
200520_111_5162_6.txt 3 0.3654 0.5721 0.1082 0.0529 50
200520_133_7554_14.txt 12 0.3005 0.3654 0.3197 0.3173 100
200521_133_16145_1.txt 8 0.4567 0.9567 0.0529 0.0865 100
200520_133_7560_15.txt 12 0.122 0.476 0.244 0.3173 100
200520_133_7549_10.txt 12 0.9044 0.488 0.1911 0.3029 100
200520_133_7547_19.txt 12 0.1803 0.8618 0.2909 0.2764 100
200520_133_7566_0.txt 12 0.869 0.7837 0.262 0.2572 100
200520_133_4128_17.txt 2 0.5385 0.0433 0.3197 0.0865 100
200520_111_4902_0.txt 7 0.6803 0.8365 0.0986 0.0913 100
200520_133_7551_22.txt 12 0.7548 0.762 0.3029 0.3077 100
200520_133_7553_29.txt 12 0.1779 0.9141 0.3101 0.1719 100
200520_133_7551_2.txt 12 0.4303 0.3462 0.3197 0.3173 100
200521_133_19375_0.txt 2 0.6635 0.2428 0.1418 0.0986 25
200521_133_19375_0.txt 2 0.4303 0.5505 0.1514 0.0793 75
200521_133_19375_0.txt 2 0.7981 0.5553 0.1659 0.0913 25
200521_133_19375_0.txt 2 0.6346 0.8822 0.1154 0.0697 50
200520_133_7554_0.txt 12 0.8245 0.5096 0.3197 0.3173 100
200520_111_5163_5.txt 3 0.1803 0.7356 0.1562 0.0889 100
200520_133_7566_8.txt 12 0.3245 0.1587 0.3197 0.3173 100
200520_133_9885_4.txt 5 0.2668 0.9087 0.1034 0.0913 25
200520_133_4128_3.txt 2 0.9681 0.8486 0.0637 0.2212 75
200520_133_4128_3.txt 2 0.8438 0.863 0.1779 0.1707 100
200520_133_7547_17.txt 12 0.7476 0.1707 0.2981 0.2957 100
200520_133_7552_18.txt 12 0.1779 0.5409 0.3197 0.3173 100
200520_133_7556_7.txt 12 0.6659 0.2668 0.3197 0.3173 100
200520_133_7554_10.txt 12 0.9105 0.5481 0.1791 0.3173 100
200520_133_8592_4.txt 3 0.1947 0.8005 0.2548 0.1058 100
200520_133_7550_3.txt 12 0.75 0.3822 0.3101 0.2909 100
200520_133_7552_6.txt 12 0.6346 0.4712 0.3197 0.3173 100
200520_133_6003_3.txt 2 0.0246 0.3077 0.0493 0.2524 50
200520_111_2975_0.txt 7 0.8221 0.6562 0.0601 0.1923 75
200520_133_8592_2.txt 3 0.6947 0.5673 0.2236 0.1947 100
200521_133_21621_2.txt 14 0.0216 0.9447 0.0433 0.0793 100
200520_133_7566_9.txt 12 0.6154 0.6587 0.3197 0.3173 100
200520_133_7551_12.txt 12 0.7933 0.8642 0.3197 0.2716 100
200520_133_8592_13.txt 3 0.1106 0.6779 0.0817 0.2596 100
200520_111_5965_0.txt 5 0.0337 0.8293 0.0673 0.0264 25
200521_133_21621_13.txt 14 0.8558 0.4303 0.0697 0.0649 100
200520_133_8593_7.txt 3 0.4062 0.7236 0.1394 0.1683 50
200520_133_7571_3.txt 12 0.7067 0.5649 0.2909 0.2764 100
200520_133_7555_18.txt 12 0.5553 0.6298 0.3197 0.3173 100
200521_111_13621_1.txt 2 0.9171 0.0673 0.1659 0.1346 50
200521_111_16715_2.txt 9 0.5337 0.9675 0.1418 0.0649 100
200520_111_5163_10.txt 3 0.8462 0.1298 0.1322 0.0457 50
200520_133_7559_25.txt 12 0.8936 0.8642 0.2127 0.2716 100
200520_111_5163_15.txt 3 0.4255 0.7933 0.1947 0.0673 100
200521_133_20959_3.txt 2 0.637 0.7404 0.2043 0.2043 100
200521_111_16717_17.txt 9 0.4135 0.3534 0.2043 0.0817 100
200520_133_4128_5.txt 2 0.2308 0.3125 0.1779 0.226 100
200520_133_4128_5.txt 2 0.1851 0.4159 0.113 0.1707 100
200520_133_4128_5.txt 2 0.2452 0.8077 0.1514 0.2692 100
200520_133_7566_4.txt 12 0.8197 0.5649 0.2837 0.3029 100
200520_133_7550_24.txt 12 0.8438 0.351 0.3029 0.2885 100
200520_133_7569_6.txt 12 0.5721 0.4663 0.3197 0.3173 100
200520_133_7555_14.txt 12 0.6058 0.6058 0.3197 0.3173 100
200520_111_6727_0.txt 5 0.9663 0.0331 0.0673 0.0661 25
200521_133_21631_3.txt 13 0.0192 0.5361 0.0385 0.0409 100
200521_133_21631_3.txt 13 0.1659 0.5673 0.0457 0.0433 100
200521_133_21631_3.txt 13 0.4639 0.6082 0.0288 0.0577 100
200520_111_5953_3.txt 5 0.5481 0.6274 0.0865 0.0601 25
200520_111_5953_3.txt 5 0.4519 0.6923 0.0433 0.0409 25
200520_111_5953_3.txt 5 0.4832 0.7091 0.0697 0.0577 25
200520_133_4128_16.txt 2 0.887 0.3125 0.113 0.113 100
200521_133_21631_0.txt 13 0.7716 0.9231 0.0529 0.0361 100
200521_111_13621_0.txt 2 0.2188 0.8996 0.1514 0.2007 100
200520_133_7556_3.txt 12 0.2284 0.7596 0.3101 0.3125 100
200520_133_7553_17.txt 12 0.238 0.0817 0.3197 0.1635 100
200520_133_7553_17.txt 12 0.399 0.2981 0.3197 0.3173 100
200520_133_7553_17.txt 12 0.2019 0.4014 0.3197 0.3173 100
200520_133_7553_17.txt 12 0.3702 0.7837 0.3197 0.3173 100
200520_133_7558_14.txt 12 0.4639 0.9111 0.3197 0.1779 100
200520_133_7551_30.txt 12 0.5841 0.5625 0.3197 0.3173 100
200520_111_5953_0.txt 12 0.3894 0.5601 0.0337 0.0385 25
200521_111_16716_6.txt 9 0.7861 0.1779 0.1034 0.1274 100
200520_133_7551_8.txt 12 0.8768 0.1166 0.2464 0.2332 100
200520_133_7555_19.txt 12 0.4183 0.4688 0.3197 0.3173 100
200520_133_7560_14.txt 12 0.7644 0.8534 0.3197 0.2933 100
200520_133_7561_0.txt 12 0.4784 0.9026 0.3197 0.1947 100
200520_133_7562_4.txt 12 0.6346 0.9123 0.2909 0.1755 100
200520_111_5984_0.txt 12 0.4014 0.5553 0.0433 0.0361 50
200520_133_7553_11.txt 12 0.2476 0.2812 0.2644 0.3173 100
200520_133_2986_2.txt 2 0.4832 0.2043 0.125 0.3534 100
200520_133_7568_4.txt 12 0.6875 0.7716 0.3197 0.3173 100
200520_111_4902_3.txt 5 0.9615 0.3942 0.0457 0.0938 25
200521_133_21631_5.txt 13 0.7957 0.0312 0.0529 0.0385 100
200521_133_21631_5.txt 13 0.4615 0.101 0.0433 0.0385 100
200521_133_21631_5.txt 13 0.2764 0.1466 0.0337 0.0529 100
200521_133_21631_5.txt 13 0.9351 0.1514 0.0505 0.0385 100
200521_133_21631_5.txt 13 0.9231 0.2572 0.0361 0.0433 100
200521_133_21631_5.txt 13 0.1995 0.3389 0.0409 0.0553 100
200521_133_21631_5.txt 13 0.7644 0.4111 0.0505 0.0385 100
200521_133_21631_5.txt 13 0.6587 0.5168 0.0457 0.0385 100
200521_133_21631_5.txt 13 0.5745 0.5264 0.0337 0.0481 100
200521_133_21631_5.txt 13 0.1827 0.6202 0.0457 0.0625 100
200521_133_21631_5.txt 13 0.0102 0.6659 0.0204 0.0529 100
200521_133_21631_5.txt 13 0.875 0.7067 0.0505 0.0385 100
200521_133_21631_5.txt 13 0.2764 0.7644 0.0337 0.0481 100
200521_133_21631_5.txt 13 0.1587 0.8774 0.0457 0.0529 100
200520_133_7553_5.txt 12 0.1611 0.6851 0.3197 0.3173 100
200520_133_4129_6.txt 2 0.2163 0.6106 0.2019 0.2933 100
200520_133_4129_6.txt 2 0.6827 0.8582 0.1707 0.2043 50
200521_133_16029_0.txt 9 0.2067 0.2452 0.1082 0.1466 100
200520_133_7549_2.txt 12 0.4856 0.1208 0.2981 0.2416 100
200520_133_8592_8.txt 3 0.0757 0.113 0.1514 0.1947 100
200520_133_8592_8.txt 3 0.5024 0.2212 0.2043 0.2236 100
200520_133_8592_8.txt 3 0.4038 0.5553 0.1851 0.1274 100
200521_133_16144_1.txt 9 0.1202 0.7668 0.1154 0.137 100
200520_133_7547_3.txt 12 0.7933 0.601 0.2861 0.2692 100
200520_133_7551_23.txt 12 0.7885 0.113 0.3197 0.226 100
200520_133_7556_1.txt 12 0.7452 0.2428 0.3197 0.3173 100
200520_133_6003_2.txt 2 0.6995 0.9525 0.0793 0.095 25
200520_111_4898_4.txt 5 0.0258 0.4688 0.0517 0.0649 25
200521_133_20959_0.txt 2 0.9423 0.7644 0.1154 0.226 100
200520_111_5163_8.txt 3 0.9321 0.6875 0.1358 0.0745 75
200520_133_7553_30.txt 12 0.6442 0.9135 0.3197 0.1731 100
200521_111_16717_1.txt 8 0.4663 0.3438 0.0673 0.0625 100
200521_111_16717_1.txt 8 0.2933 0.4615 0.0673 0.0745 100
200520_133_7567_5.txt 12 0.1256 0.625 0.2512 0.3173 100
200520_133_7559_20.txt 12 0.1851 0.7452 0.3197 0.3173 100
200520_111_5163_1.txt 3 0.512 0.2139 0.2548 0.1707 100
200520_133_7554_15.txt 12 0.2139 0.6827 0.3197 0.3173 100
200521_133_17310_2.txt 14 0.2764 0.9038 0.0433 0.0625 100
200520_133_7553_51.txt 12 0.2067 0.9002 0.3197 0.1995 100
200520_133_7563_8.txt 12 0.3846 0.6298 0.3197 0.3173 100
200520_133_7553_49.txt 12 0.6995 0.0877 0.3197 0.1755 100
200520_133_7572_2.txt 12 0.9129 0.8365 0.1743 0.3173 100
200520_133_7554_30.txt 12 0.3822 0.3101 0.3197 0.3173 100
200520_111_5162_3.txt 3 0.2139 0.5192 0.1322 0.0577 50
200520_111_5162_3.txt 3 0.5913 0.6803 0.0938 0.1082 50
200520_133_7550_33.txt 12 0.6058 0.8582 0.3197 0.2837 100
200520_133_7554_28.txt 12 0.5 0.1995 0.3197 0.3173 100
200520_133_7553_20.txt 12 0.9339 0.649 0.1322 0.2812 100
200520_111_11184_9.txt 6 0.0913 0.8582 0.1058 0.0601 100
200520_133_7549_6.txt 12 0.863 0.854 0.2548 0.2921 100
200520_133_8592_15.txt 3 0.851 0.2596 0.0721 0.2043 100
200521_111_16715_10.txt 9 0.1058 0.2933 0.1058 0.1947 100
200520_133_8592_1.txt 3 0.8906 0.9038 0.2188 0.1178 100
200520_133_7549_35.txt 12 0.8293 0.7981 0.3101 0.2909 100
200520_133_7552_41.txt 12 0.8996 0.3317 0.2007 0.3029 100
200520_133_7567_4.txt 12 0.5096 0.1082 0.3197 0.2163 100
200521_111_16717_5.txt 9 0.625 0.113 0.0721 0.1611 100
200520_111_5968_0.txt 11 0.7428 0.9579 0.0457 0.0841 100
200521_111_16717_3.txt 9 0.2596 0.3438 0.0938 0.2188 100
200520_133_7547_16.txt 12 0.1683 0.1611 0.2909 0.2596 100
200520_133_7552_40.txt 12 0.4183 0.7115 0.2212 0.2812 100
200520_133_7547_25.txt 12 0.5337 0.3462 0.2837 0.2957 100
200520_133_7550_13.txt 12 0.6274 0.4663 0.3197 0.3173 100
200520_133_7552_2.txt 12 0.7476 0.2139 0.3197 0.3173 100
200521_111_16718_6.txt 9 0.6346 0.4928 0.0986 0.1514 100
200521_133_21631_6.txt 13 0.1611 0.0337 0.0529 0.0433 100
200521_133_21631_6.txt 13 0.6466 0.2524 0.0288 0.0553 100
200521_133_21631_6.txt 13 0.4976 0.3413 0.0288 0.0553 100
200521_133_21631_6.txt 13 0.1899 0.4255 0.0337 0.0577 100
200521_133_21631_6.txt 13 0.5312 0.5745 0.0337 0.0481 100
200520_133_7547_22.txt 12 0.238 0.4832 0.274 0.2957 100
200520_133_7547_7.txt 12 0.1581 0.113 0.3161 0.226 100
200520_133_8593_4.txt 3 0.2404 0.4423 0.2043 0.1731 75
200520_133_7558_6.txt 12 0.5 0.89 0.274 0.22 100
200520_111_4919_4.txt 8 0.0697 0.524 0.0433 0.0721 100
200520_133_7548_6.txt 12 0.2139 0.2404 0.2909 0.2668 100
200520_111_4915_0.txt 5 0.5409 0.387 0.0962 0.0745 25
200520_133_7549_20.txt 12 0.3413 0.4808 0.3197 0.2236 100
200521_133_21631_8.txt 13 0.2812 0.0673 0.0409 0.0433 100
200521_133_21631_8.txt 13 0.4183 0.1226 0.0337 0.0577 100
200520_133_7559_16.txt 12 0.8648 0.0829 0.2704 0.1659 100
200520_111_5163_14.txt 3 0.9279 0.1442 0.1442 0.0793 100
200520_133_7552_48.txt 12 0.2067 0.6731 0.3197 0.3173 100
200520_133_7552_21.txt 12 0.6562 0.2981 0.3197 0.3173 100
200520_111_5270_2.txt 5 0.5 0.1731 0.0793 0.0745 25
200520_111_5270_2.txt 5 0.3846 0.2476 0.0889 0.0649 25
200520_111_5270_2.txt 5 0.3005 0.3774 0.0721 0.0673 25
200521_111_16716_4.txt 9 0.8486 0.6923 0.1034 0.0649 100
200520_133_7550_8.txt 12 0.3077 0.5072 0.2861 0.2957 100
200520_133_7560_13.txt 12 0.6875 0.2909 0.3197 0.3173 100
200520_133_7556_5.txt 12 0.1292 0.7957 0.2584 0.3173 100
200520_133_7560_11.txt 12 0.2885 0.8822 0.3197 0.2356 100
200521_111_16717_8.txt 9 0.887 0.7764 0.0817 0.1418 100
200521_111_16717_4.txt 8 0.9014 0.1322 0.0769 0.0938 100
200521_111_16717_4.txt 9 0.2043 0.6082 0.1587 0.0817 100
200521_111_16717_7.txt 8 0.021 0.1154 0.0421 0.0649 100
200520_133_7558_4.txt 12 0.1124 0.1094 0.2248 0.2188 100
200520_111_4916_0.txt 6 0.2476 0.9525 0.1154 0.095 100
200520_111_5163_13.txt 3 0.4519 0.875 0.2043 0.0986 50
200521_133_21632_5.txt 13 0.0132 0.0192 0.0264 0.0385 100
200521_133_21632_5.txt 13 0.4712 0.0745 0.0337 0.0649 100
200521_133_21632_5.txt 13 0.9279 0.1538 0.0457 0.0385 100
200521_133_21632_5.txt 13 0.1947 0.1923 0.0337 0.0433 100
200521_133_21632_5.txt 13 0.1394 0.3149 0.0337 0.0553 100
200521_133_21632_5.txt 13 0.7957 0.3389 0.0361 0.0601 100
200521_133_21632_5.txt 13 0.4447 0.4447 0.0361 0.0553 100
200521_133_21632_5.txt 13 0.7668 0.512 0.0361 0.0577 100
200521_133_21632_5.txt 13 0.0889 0.8149 0.0505 0.0457 100
200520_133_7551_36.txt 12 0.2572 0.1034 0.3029 0.2067 100
200520_133_7552_17.txt 12 0.6587 0.1178 0.3197 0.2356 100
200520_111_4291_0.txt 2 0.8798 0.7644 0.1322 0.2332 100
200520_111_4291_0.txt 2 0.8077 0.9014 0.1322 0.1971 100
200521_111_16723_1.txt 9 0.4495 0.7812 0.1394 0.0865 100
200520_133_8593_6.txt 3 0.3822 0.9321 0.2212 0.1358 75
200520_133_7548_19.txt 12 0.8882 0.4087 0.2236 0.3125 100
200520_111_4929_0.txt 5 0.3582 0.6562 0.0865 0.0481 25
200520_133_7549_17.txt 12 0.8936 0.0853 0.2127 0.1707 50
200520_111_6890_0.txt 5 0.363 0.6755 0.1034 0.0745 25
200520_133_7549_21.txt 12 0.1244 0.2115 0.2488 0.3173 100
200520_133_7549_21.txt 12 0.8407 0.4087 0.3185 0.2957 100
200521_133_21620_7.txt 14 0.4255 0.6803 0.0529 0.0841 100
200521_111_16122_2.txt 5 0.4952 0.8582 0.0457 0.1442 50
200521_111_16122_2.txt 5 0.4615 0.9327 0.0553 0.1346 50
200520_133_7561_12.txt 12 0.8456 0.125 0.3089 0.25 100
200520_133_7557_8.txt 12 0.75 0.2067 0.3197 0.3173 50
200520_133_7565_9.txt 12 0.0847 0.8005 0.1695 0.3173 100
200520_133_7552_31.txt 12 0.5216 0.0901 0.3197 0.1803 100
200520_133_7550_12.txt 12 0.1022 0.6995 0.2043 0.2067 100
200520_133_7554_31.txt 12 0.5144 0.8486 0.2837 0.3029 100
200520_133_7554_37.txt 12 0.5361 0.2476 0.2644 0.3029 100
200521_111_16716_1.txt 9 0.9231 0.2572 0.1058 0.0962 100
200520_133_7549_18.txt 12 0.6442 0.4495 0.2933 0.2957 100
200520_133_7566_1.txt 12 0.3197 0.0817 0.3197 0.1635 100
