     0/299     1.75G     0.111   0.01711         0    0.1281        29       416  0.001549    0.3163 0.0005094 7.219e-05     0.102   0.01617         0
     1/299     6.18G    0.1058   0.01778         0    0.1236        40       416  0.002231    0.4082  0.001005 0.0001535   0.09737   0.01284         0
     2/299     7.62G    0.1007   0.01606         0    0.1167        37       416  0.008087    0.2653   0.00407 0.0006438   0.09027    0.0128         0
     3/299     7.62G   0.09712   0.01716         0    0.1143        35       416   0.01211    0.1939  0.006339  0.001012   0.08653   0.01276         0
     4/299     7.62G   0.09026   0.01776         0     0.108        30       416   0.08586    0.1327   0.03381  0.005652   0.07836   0.01337         0
     5/299     7.62G   0.08718   0.01741         0    0.1046        33       416   0.09402    0.1633   0.04368  0.008812   0.07526   0.01307         0
     6/299     7.62G   0.08263    0.0169         0   0.09954        31       416    0.1199    0.2653   0.07831   0.01798   0.07256   0.01227         0
     7/299     7.62G   0.07698   0.01788         0   0.09487        31       416    0.1766    0.2298   0.09989   0.02568   0.06815   0.01206         0
     8/299     7.62G   0.07374   0.01746         0    0.0912        33       416    0.1792    0.3571    0.1274   0.02839   0.06765   0.01104         0
     9/299     7.62G   0.07032   0.01506         0   0.08538        39       416    0.4046    0.3878    0.2987   0.08939   0.06593  0.009643         0
    10/299     7.63G   0.07268    0.0154         0   0.08808        58       416    0.4039    0.4082    0.3084   0.07292   0.06829   0.01054         0
    11/299     7.63G    0.0728   0.01342         0   0.08622        31       416    0.4594    0.3163    0.2782   0.06419    0.0705  0.009656         0
    12/299     7.63G   0.06524     0.014         0   0.07924        29       416    0.6306    0.4388    0.4762    0.1764   0.05954  0.009574         0
    13/299     7.63G   0.06452   0.01269         0   0.07721        40       416    0.4549    0.5204    0.3984   0.09006   0.06345  0.008046         0
    14/299     7.63G   0.06578   0.01258         0   0.07836        25       416    0.6924    0.6202    0.6273    0.2292   0.05104  0.009046         0
    15/299     7.63G   0.06887   0.01199         0   0.08087        34       416    0.6039       0.5    0.4713    0.1249   0.06458  0.008224         0
    16/299     7.64G   0.06974   0.01226         0     0.082        46       416    0.4285    0.5816    0.3693    0.0872   0.07014  0.008022         0
    17/299     7.64G   0.06783   0.01331         0   0.08115        45       416     0.612    0.6633    0.6293    0.2206   0.05551  0.008781         0
    18/299     7.64G   0.06679   0.01259         0   0.07938        38       416    0.6792    0.5816    0.5463    0.2055   0.05934  0.008627         0
    19/299     7.64G   0.06722   0.01155         0   0.07877        34       416    0.6532    0.5575    0.5472    0.2054      0.06  0.008393         0
    20/299     7.64G   0.06593   0.01119         0   0.07712        31       416    0.5685    0.5714    0.5676    0.1676   0.06081  0.007837         0
    21/299     7.64G   0.06163   0.01211         0   0.07374        26       416    0.6851    0.6224    0.6352     0.215   0.05252  0.008304         0
    22/299     7.64G   0.05933   0.01352         0   0.07285        38       416    0.7137    0.5918    0.5808    0.1759     0.061  0.008192         0
    23/299     7.64G   0.06112   0.01199         0   0.07312        31       416    0.7555    0.6307    0.6944    0.2574   0.04745   0.00847         0
    24/299     7.64G    0.0607   0.01193         0   0.07263        31       416    0.4735    0.5612    0.3634    0.1213   0.05652  0.008311         0
    25/299     7.64G    0.0593   0.01273         0   0.07203        41       416     0.766    0.6122    0.6796    0.2919   0.04768   0.00826         0
    26/299     7.64G    0.0595   0.01082         0   0.07032        27       416    0.6838    0.5306    0.6004    0.2328   0.05244  0.007962         0
    27/299     7.64G   0.05694   0.01267         0   0.06961        37       416    0.5405    0.6633    0.6211    0.2231   0.05376  0.007503         0
    28/299     7.64G   0.05818    0.0112         0   0.06938        41       416    0.6154    0.7041    0.5666    0.2108    0.0496  0.007479         0
    29/299     7.64G   0.05646   0.01028         0   0.06673        28       416     0.517     0.602    0.5413    0.1465   0.06151  0.007467         0
    30/299     7.64G   0.05965   0.01008         0   0.06973        28       416    0.4107     0.569    0.4796    0.1374   0.05969  0.007857         0
    31/299     7.64G   0.05648   0.01125         0   0.06773        36       416    0.5436     0.632    0.5785    0.1896   0.04825  0.008092         0
    32/299     7.64G   0.05345  0.009255         0   0.06271        26       416    0.6488    0.6224    0.5732    0.1698   0.05798  0.007292         0
    33/299     7.64G   0.05666   0.01116         0   0.06782        53       416    0.8589    0.6835    0.7453    0.2747   0.04643   0.00728         0
    34/299     7.64G   0.05596   0.01071         0   0.06667        50       416    0.4962    0.7143     0.466    0.1364   0.05514  0.007143         0
    35/299     7.64G   0.05354   0.01006         0    0.0636        37       416    0.8181    0.7345    0.7968    0.3453   0.04315  0.007265         0
    36/299     7.64G   0.05418  0.009806         0   0.06399        34       416    0.7266    0.7323    0.7287    0.2547   0.05157  0.006808         0
    37/299     7.64G   0.05055   0.01063         0   0.06118        37       416     0.714    0.7245    0.7052     0.268   0.05018  0.006832         0
    38/299     7.64G   0.05261   0.01043         0   0.06304        37       416    0.8068    0.6837    0.7498    0.3026   0.04839  0.007356         0
    39/299     7.64G   0.05286  0.009644         0    0.0625        39       416    0.8333     0.663    0.7401    0.2964   0.04574  0.006922         0
    40/299     7.64G   0.04983  0.009644         0   0.05947        27       416    0.7729    0.7639    0.7847     0.345   0.04455  0.006834         0
    41/299     7.64G   0.05047  0.009821         0   0.06029        31       416    0.8673    0.7347    0.8207    0.3681   0.04045  0.007142         0
    42/299     7.64G   0.04703  0.009291         0   0.05632        23       416     0.859    0.6837    0.7737    0.3116   0.04538  0.006651         0
    43/299     7.64G   0.05122  0.009902         0   0.06112        38       416    0.6366    0.5918    0.6054    0.2486    0.0484  0.008398         0
    44/299     7.64G   0.04697  0.009454         0   0.05642        41       416    0.7973    0.6421    0.6993    0.3185   0.04682  0.007023         0
    45/299     7.64G   0.04623  0.009549         0   0.05578        25       416    0.8468    0.6224    0.6749      0.21   0.05444  0.007343         0
    46/299     7.64G   0.05661  0.008339         0   0.06495        20       416    0.7141    0.6625    0.7036    0.2472   0.04934  0.007157         0
    47/299     7.64G   0.05567  0.009316         0   0.06499        42       416    0.8604    0.6327    0.7093    0.3293   0.04625  0.007472         0
    48/299     7.64G   0.04671  0.009577         0   0.05629        27       416    0.8156    0.6327    0.6966    0.2931   0.04704  0.007638         0
    49/299     7.64G    0.0539  0.009893         0   0.06379        36       416    0.8403    0.7551    0.7851    0.3072   0.04598  0.006924         0
    50/299     7.64G     0.054  0.008913         0   0.06292        44       416    0.6762    0.5612    0.5465    0.1564   0.05548   0.00687         0
    51/299     7.64G   0.05482  0.009327         0   0.06415        29       416    0.7664    0.7031    0.7068    0.2281   0.04733  0.007909         0
    52/299     7.64G   0.04704  0.008908         0   0.05594        29       416    0.8733    0.7035    0.7346    0.3148   0.04593  0.007688         0
    53/299     7.64G   0.04746  0.009752         0   0.05721        46       416    0.8587    0.7442    0.7728    0.2995   0.04509  0.007131         0
    54/299     7.64G   0.04568  0.008383         0   0.05407        29       416    0.6274    0.6529    0.6035    0.1487   0.05645   0.00697         0
    55/299     7.64G   0.04864  0.008687         0   0.05733        35       416    0.9091    0.7142    0.8091    0.3866   0.04361  0.006882         0
    56/299     7.64G   0.04699  0.009757         0   0.05675        28       416    0.8277    0.7449    0.7937    0.3469   0.04137  0.006808         0
    57/299     7.64G   0.04386  0.009345         0    0.0532        40       416    0.8104    0.7857    0.8051    0.3209   0.04478  0.007283         0
    58/299     7.64G   0.04498  0.009841         0   0.05482        29       416    0.9281    0.6633    0.7992    0.3348   0.04151  0.006972         0
    59/299     7.64G   0.05124  0.009192         0   0.06044        32       416     0.923    0.6122    0.7207    0.2615   0.04331  0.007572         0
    60/299     7.64G   0.04318  0.009357         0   0.05254        38       416    0.9473    0.7343    0.8098    0.3315   0.04236  0.008334         0
    61/299     7.64G   0.04272  0.008702         0   0.05142        27       416    0.9099    0.7245     0.793    0.2774    0.0486  0.008093         0
    62/299     7.64G   0.04414  0.009288         0   0.05343        50       416    0.8445    0.6122      0.66    0.2565   0.04987  0.007947         0
    63/299     7.64G   0.04462  0.008703         0   0.05333        24       416    0.8919    0.6733    0.7552    0.3408   0.04552  0.007778         0
    64/299     7.64G   0.04154  0.009583         0   0.05112        29       416    0.7229    0.6122     0.605    0.2451   0.05149  0.007543         0
    65/299     7.64G   0.04425  0.009041         0   0.05329        41       416    0.9158    0.6735    0.7637    0.3493   0.04322  0.007115         0
    66/299     7.64G    0.0438  0.009077         0   0.05287        37       416    0.8414    0.6531    0.6963    0.3231   0.04822  0.006976         0
    67/299     7.64G   0.03903    0.0093         0   0.04833        34       416    0.8505    0.7551    0.7616    0.3339   0.04514  0.007459         0
    68/299     7.64G   0.04283  0.008622         0   0.05145        39       416    0.7661     0.602    0.6649    0.2987   0.04587  0.009403         0
    69/299     7.64G   0.04053  0.009693         0   0.05023        28       416     0.863    0.6427     0.719    0.3118   0.04406  0.008491         0
    70/299     7.64G    0.0414  0.009042         0   0.05044        36       416    0.8861    0.7141     0.761    0.3583   0.04307  0.007317         0
    71/299     7.64G   0.04085   0.00832         0   0.04917        31       416    0.7377    0.6939    0.7047    0.3093   0.04436  0.008115         0
    72/299     7.64G   0.03972  0.008378         0    0.0481        38       416      0.92     0.704     0.785    0.3671   0.03929   0.00797         0
    73/299     7.64G   0.04106  0.009614         0   0.05067        41       416    0.7879    0.6837    0.6923    0.3118   0.04107   0.01073         0
    74/299     7.64G   0.04033  0.009323         0   0.04966        40       416     0.886    0.7137    0.7612    0.3379    0.0442  0.008131         0
    75/299     7.64G   0.03954  0.009195         0   0.04874        41       416    0.7708     0.755    0.7551    0.3548   0.04172  0.008337         0
    76/299     7.64G   0.03968   0.00829         0   0.04797        17       416    0.9022    0.7551    0.8027    0.3982   0.03866  0.007411         0
    77/299     7.64G   0.03957  0.008532         0    0.0481        40       416    0.9039    0.6735    0.7365    0.3816   0.04135  0.008117         0
    78/299     7.64G   0.03703   0.00867         0    0.0457        29       416    0.8309    0.7041     0.729    0.2869   0.04506  0.008153         0
    79/299     7.64G   0.04546   0.00786         0   0.05332        35       416    0.8582    0.6837    0.7223    0.2988   0.04331  0.007675         0
    80/299     7.64G   0.04288  0.008852         0   0.05174        49       416    0.8875    0.7245    0.7725    0.3696   0.04153  0.008019         0
    81/299     7.64G   0.04318  0.009141         0   0.05232        51       416    0.8089    0.7347    0.7298    0.3406   0.04333  0.007954         0
    82/299     7.64G   0.03903  0.007777         0   0.04681        52       416    0.7999    0.7343    0.7323    0.3608     0.041  0.008525         0
    83/299     7.64G   0.03965  0.008609         0   0.04826        33       416    0.8871    0.6429    0.7436    0.3527   0.04179  0.008139         0
    84/299     7.64G   0.03978  0.009076         0   0.04885        31       416    0.8503    0.7551    0.7795      0.37   0.04206  0.008223         0
    85/299     7.64G   0.03884  0.008669         0   0.04751        47       416    0.8285    0.5918    0.6521    0.2324   0.05214  0.008147         0
    86/299     7.64G   0.04009  0.009015         0   0.04911        35       416     0.793    0.7449    0.7288    0.3437   0.03965  0.009905         0
    87/299     7.64G   0.04038  0.008863         0   0.04924        27       416    0.8206    0.5612    0.6686    0.2877   0.04718  0.008834         0
    88/299     7.64G   0.04025  0.008701         0   0.04895        46       416    0.8677    0.6735    0.7253     0.345    0.0436  0.007604         0
    89/299     7.64G   0.03705  0.008312         0   0.04536        36       416    0.8859    0.7143     0.755    0.3301   0.04062  0.008678         0
    90/299     7.64G   0.03671  0.007552         0   0.04426        40       416    0.9458    0.7143    0.7842    0.3746   0.04012  0.007889         0
    91/299     7.64G   0.04157  0.008639         0   0.05021        36       416    0.8214    0.7041    0.7283    0.3128   0.04776  0.007699         0
    92/299     7.64G   0.04496  0.008962         0   0.05392        67       416       0.8    0.7345    0.7609    0.3746   0.03936  0.008104         0
    93/299     7.64G   0.03749  0.009162         0   0.04665        32       416    0.8553    0.7857    0.8001    0.4139   0.03774  0.007793         0
    94/299     7.64G   0.03787  0.008926         0   0.04679        43       416    0.8533     0.653    0.7096     0.307   0.04626   0.00842         0
    95/299     7.64G   0.03452  0.008613         0   0.04314        40       416    0.7725    0.6939    0.6793    0.2815   0.04824  0.008017         0
    96/299     7.64G   0.03661  0.008533         0   0.04515        32       416    0.7998    0.7347    0.7512    0.3534   0.04377  0.008231         0
    97/299     7.64G   0.03704  0.008208         0   0.04525        44       416    0.8041    0.7957    0.8188     0.397    0.0407  0.007849         0
    98/299     7.64G   0.03606  0.007535         0    0.0436        37       416    0.8308    0.6014    0.6913    0.3431     0.045  0.008603         0
    99/299     7.64G   0.03675  0.008738         0   0.04549        57       416    0.8313    0.7038    0.7228    0.3527   0.04423   0.00787         0
   100/299     7.64G   0.03653  0.008889         0   0.04542        51       416    0.8094    0.6939    0.7243    0.3105   0.04578  0.007422         0
   101/299     7.64G   0.03481  0.008066         0   0.04288        35       416    0.8625     0.704    0.7384    0.3423   0.04215  0.007533         0
   102/299     7.64G   0.03416  0.008251         0   0.04241        36       416    0.8509    0.7041    0.7462    0.3697   0.03976  0.008378         0
   103/299     7.64G   0.03384  0.007656         0    0.0415        44       416    0.9091    0.7142    0.7771    0.3364   0.04198  0.008163         0
   104/299     7.64G   0.03767  0.008938         0   0.04661        38       416    0.8711    0.6939    0.7436    0.3332    0.0418  0.008687         0
   105/299     7.64G   0.03398  0.008451         0   0.04243        52       416    0.8743    0.6429    0.7438    0.3074   0.04674  0.008396         0
   106/299     7.64G   0.03166  0.007815         0   0.03948        35       416    0.8987    0.7245    0.7892    0.3992   0.04175  0.007673         0
   107/299     7.64G   0.03617  0.007708         0   0.04387        38       416    0.8718    0.6938    0.7768    0.3331   0.04277  0.008171         0
   108/299     7.64G   0.03423  0.007245         0   0.04148        26       416      0.84    0.7551    0.7915    0.3751   0.03701   0.00813         0
   109/299     7.64G   0.03176  0.007891         0   0.03965        35       416    0.8794    0.6735    0.7585    0.3731   0.03734  0.008314         0
   110/299     7.64G   0.03396  0.008268         0   0.04222        39       416    0.8625     0.704    0.7804    0.3579   0.03849  0.008089         0
   111/299     7.64G   0.03417  0.007295         0   0.04147        50       416    0.8825    0.6939    0.7788    0.3371    0.0413  0.007947         0
   112/299     7.64G   0.03357  0.006988         0   0.04056        38       416    0.8636    0.7754    0.7856    0.3637   0.03885  0.008041         0
   113/299     7.64G   0.03111   0.00797         0   0.03908        33       416    0.9221    0.7243    0.7994    0.3777   0.03882  0.008034         0
   114/299     7.64G   0.03225  0.007629         0   0.03988        27       416     0.886    0.7143    0.7591    0.3758   0.03865  0.008061         0
   115/299     7.64G   0.03062  0.006785         0    0.0374        34       416    0.8683     0.673    0.7205    0.3312    0.0405   0.00854         0
   116/299     7.64G   0.03211  0.007582         0   0.03969        46       416    0.8292    0.6939    0.7237    0.3581    0.0408  0.008495         0
   117/299     7.64G   0.02979   0.00761         0    0.0374        32       416    0.8499    0.6939    0.7307    0.3249   0.04002  0.008332         0
   118/299     7.64G   0.02773  0.007127         0   0.03486        39       416    0.8372    0.7346    0.7808    0.3789   0.03872  0.008211         0
   119/299     7.64G   0.03196  0.006736         0    0.0387        32       416    0.8813    0.6837    0.7475    0.3716     0.042  0.007613         0
   120/299     7.64G   0.03308  0.006819         0    0.0399        41       416    0.8717    0.6327     0.683    0.3239   0.04307  0.008178         0
   121/299     7.64G   0.02924  0.007344         0   0.03658        30       416    0.8845    0.7041    0.7559    0.3628   0.03982   0.00863         0
   122/299     7.64G   0.03073  0.007135         0   0.03786        38       416     0.886    0.7139    0.7734     0.393   0.03836   0.00818         0
   123/299     7.64G   0.03067  0.007161         0   0.03783        30       416    0.8535    0.7143    0.7756     0.392   0.03766  0.007922         0
   124/299     7.64G   0.03148  0.006705         0   0.03819        43       416    0.8314    0.7549    0.7849    0.4173   0.03752  0.007529         0
   125/299     7.64G   0.03023  0.007749         0   0.03798        22       416    0.8605     0.755    0.7808    0.3976    0.0365  0.007568         0
   126/299     7.64G   0.02939   0.00708         0   0.03647        47       416    0.9066    0.6936    0.7839    0.4141   0.03769  0.008047         0
   127/299     7.64G      0.03  0.007013         0   0.03702        45       416    0.8961    0.7039    0.7751    0.4243   0.03789   0.00857         0
   128/299     7.64G   0.02948  0.007194         0   0.03668        34       416    0.9295    0.6735    0.7584    0.3689   0.03943  0.007932         0
   129/299     7.64G   0.02839  0.007068         0   0.03546        27       416    0.9079     0.704    0.7233    0.3722    0.0412  0.008266         0
   130/299     7.64G   0.02933  0.007265         0    0.0366        29       416    0.8601    0.7551    0.7876     0.374   0.04121  0.007943         0
   131/299     7.64G   0.03268  0.006657         0   0.03934        58       416     0.839    0.7449    0.7628    0.3362   0.04306  0.007739         0
   132/299     7.64G   0.03315  0.007377         0   0.04053        37       416    0.8452    0.7245    0.7634    0.3253   0.04417  0.007677         0
   133/299     7.64G   0.02954  0.006796         0   0.03634        34       416    0.8148    0.6734    0.7284    0.3461    0.0421  0.007794         0
   134/299     7.64G   0.03076   0.00765         0   0.03841        50       416    0.8766    0.6521    0.7217    0.3389   0.04304  0.008053         0
   135/299     7.64G    0.0296  0.007088         0   0.03669        39       416    0.8237    0.6224      0.68    0.3078   0.04351  0.008222         0
   136/299     7.64G   0.02952  0.007304         0   0.03683        27       416    0.8607    0.6327    0.6923    0.3116   0.04287  0.008259         0
   137/299     7.64G   0.02781  0.006804         0   0.03462        39       416    0.8961    0.7041    0.7631    0.3658   0.04166  0.007995         0
   138/299     7.64G   0.02841  0.006669         0   0.03508        51       416    0.8987    0.7244    0.7818    0.3901    0.0385  0.007866         0
   139/299     7.64G   0.02859  0.007065         0   0.03565        38       416    0.8972    0.7143    0.7511    0.3919   0.03765  0.008373         0
   140/299     7.64G   0.02955  0.007927         0   0.03747        24       416    0.8831    0.6935    0.7485      0.39   0.04108  0.008474         0
   141/299     7.64G   0.03041  0.007186         0    0.0376        34       416    0.9129    0.6429    0.7145    0.3947    0.0383  0.008865         0
   142/299     7.64G   0.02718  0.007032         0   0.03421        50       416    0.8413    0.7041    0.7384    0.3663   0.04095  0.009119         0
   143/299     7.64G    0.0319  0.007016         0   0.03892        34       416    0.8813    0.6837     0.746    0.3639   0.04031  0.008994         0
   144/299     7.64G   0.02814  0.007426         0   0.03557        46       416    0.8371    0.7347    0.7649    0.3745   0.03945  0.008718         0
   145/299     7.64G   0.02632  0.006774         0    0.0331        28       416    0.9041    0.6735    0.7779    0.3806   0.04009  0.008174         0
   146/299     7.64G   0.02477  0.006284         0   0.03106        29       416    0.8539    0.7755    0.8124    0.4071    0.0388  0.007923         0
   147/299     7.64G    0.0284  0.006888         0   0.03529        40       416     0.909    0.7143    0.7772    0.3974   0.03714  0.007818         0
   148/299     7.64G   0.02856   0.00648         0   0.03504        35       416    0.8764    0.7959    0.7705    0.3785    0.0387  0.008578         0
   149/299     7.64G   0.02611  0.006266         0   0.03238        30       416    0.8823    0.7653    0.8021    0.3969   0.03636  0.008289         0
   150/299     7.64G   0.02652  0.006457         0   0.03298        27       416     0.894    0.7755    0.7951    0.3985   0.03668  0.008122         0
   151/299     7.64G   0.02838  0.006002         0   0.03438        29       416    0.8816    0.7857    0.8029    0.4038   0.03756  0.008156         0
   152/299     7.64G   0.03091  0.007235         0   0.03815        37       416    0.8831    0.6939    0.7524     0.359    0.0398   0.00845         0
   153/299     7.64G   0.02765  0.006083         0   0.03373        21       416    0.8933    0.6836    0.7827    0.3642   0.03654  0.008601         0
   154/299     7.64G   0.02503  0.006434         0   0.03147        35       416    0.8433    0.7143    0.7642    0.3687   0.03573  0.009006         0
   155/299     7.64G   0.02876  0.006271         0   0.03503        32       416    0.8536    0.7143    0.7654    0.3839   0.03564  0.009171         0
   156/299     7.64G   0.03022  0.006756         0   0.03697        35       416    0.9312    0.6939     0.766    0.3792   0.03772  0.008663         0
   157/299     7.64G   0.02703  0.006473         0    0.0335        36       416    0.8469     0.734    0.7645    0.3803   0.03576  0.008047         0
   158/299     7.64G    0.0288   0.00621         0   0.03501        48       416    0.8783    0.6633    0.7228    0.3614   0.03845  0.008753         0
   159/299     7.64G   0.02882  0.007224         0   0.03605        52       416    0.8409    0.7551    0.7779     0.382   0.03695  0.008149         0
   160/299     7.64G   0.02696    0.0068         0   0.03376        22       416     0.972    0.7143    0.8176     0.428   0.03683  0.008218         0
   161/299     7.64G   0.02623  0.006006         0   0.03224        29       416    0.9721    0.7143    0.8272    0.4265   0.03685  0.007949         0
   162/299     7.64G    0.0272  0.006679         0   0.03388        28       416    0.9047     0.775    0.8396    0.4221   0.03735  0.008148         0
   163/299     7.64G   0.02667  0.006507         0   0.03318        34       416    0.9367     0.755    0.8444    0.4292   0.03561  0.007556         0
   164/299     7.64G   0.02613  0.006194         0   0.03233        33       416    0.9047    0.7755    0.8254    0.4289   0.03522  0.007739         0
   165/299     7.64G    0.0257  0.006066         0   0.03177        49       416    0.9125    0.7449    0.8053    0.4184   0.03724  0.008167         0
   166/299     7.64G   0.02535  0.006505         0   0.03186        39       416    0.9113    0.7347     0.803    0.3944   0.03598  0.008303         0
   167/299     7.64G   0.02744  0.005829         0   0.03327        24       416    0.9114    0.7345    0.7854    0.3974    0.0354   0.00866         0
   168/299     7.64G   0.02788  0.006371         0   0.03425        33       416    0.8888    0.7347    0.7879     0.407   0.03583  0.008868         0
   169/299     7.64G   0.02389   0.00627         0   0.03016        39       416    0.9096    0.7245    0.7932    0.3869   0.03672  0.008361         0
   170/299     7.64G   0.02383  0.006034         0   0.02986        35       416    0.8814    0.6837    0.7849    0.3816   0.03965  0.008705         0
   171/299     7.64G   0.02384  0.005954         0   0.02979        43       416    0.8674    0.7344    0.7934    0.4112    0.0368   0.00854         0
   172/299     7.64G   0.02312  0.006619         0   0.02974        41       416    0.8554    0.7243    0.7726    0.3896    0.0383   0.00892         0
   173/299     7.64G   0.02521  0.005778         0   0.03099        38       416    0.9333    0.7142    0.8155    0.4326   0.03613  0.008262         0
   174/299     7.64G   0.02436  0.006174         0   0.03054        23       416    0.9012    0.7444     0.806    0.4093   0.03816  0.008365         0
   175/299     7.64G   0.02364  0.006787         0   0.03043        39       416    0.9426    0.6735    0.7957    0.3923   0.03849  0.008001         0
   176/299     7.64G   0.02558  0.006644         0   0.03222        33       416    0.9054    0.6837    0.8192    0.3965   0.03728  0.008344         0
   177/299     7.64G   0.02456  0.006583         0   0.03114        44       416    0.8518    0.7038    0.7805    0.3886   0.03952  0.007867         0
   178/299     7.64G   0.02383  0.006312         0   0.03014        28       416    0.9333    0.7139    0.8095    0.4093   0.03573  0.007711         0
   179/299     7.64G   0.02493  0.006602         0   0.03153        37       416    0.8485    0.7449    0.7802    0.3934   0.03608  0.008214         0
   180/299     7.64G   0.02273  0.006619         0   0.02935        57       416    0.9054    0.6836    0.7528    0.3764   0.03739  0.009598         0
   181/299     7.64G    0.0216  0.005936         0   0.02754        55       416    0.8714    0.6939    0.7392    0.3803   0.03748  0.009402         0
   182/299     7.64G   0.02397  0.006524         0    0.0305        31       416    0.9189    0.6938    0.7729     0.399   0.03636  0.008817         0
   183/299     7.64G   0.02336  0.005867         0   0.02922        37       416    0.9187    0.6939     0.782    0.4055   0.03845  0.008824         0
   184/299     7.64G   0.02414  0.006078         0   0.03022        34       416    0.8689    0.7449    0.7753    0.4209   0.03714  0.008765         0
   185/299     7.64G    0.0219  0.005384         0   0.02729        27       416    0.9351    0.7347     0.781    0.4064   0.03754  0.008796         0
   186/299     7.64G   0.02638  0.006887         0   0.03326        51       416    0.8701    0.6836    0.7236    0.3636   0.04037  0.009228         0
   187/299     7.64G   0.02206  0.005446         0   0.02751        24       416    0.8312    0.7041    0.7121    0.3496   0.04144  0.009511         0
   188/299     7.64G   0.02308  0.006234         0   0.02932        46       416    0.8461    0.6733    0.6982    0.3518   0.04182  0.009648         0
   189/299     7.64G   0.02098  0.005958         0   0.02693        42       416    0.8137    0.7143    0.7099    0.3681   0.03825  0.009525         0
   190/299     7.64G   0.02115   0.00583         0   0.02698        55       416    0.8999    0.6429     0.731    0.3525   0.03798  0.009179         0
   191/299     7.64G   0.02575  0.005938         0   0.03169        60       416    0.9143    0.6531    0.7389    0.3602   0.03642  0.009191         0
   192/299     7.64G   0.02429  0.006033         0   0.03033        34       416    0.9178    0.6836    0.7312    0.3756   0.03616  0.009578         0
   193/299     7.64G   0.02229  0.005299         0   0.02759        16       416    0.9181    0.6939    0.7668     0.412   0.03545  0.008903         0
   194/299     7.64G   0.02079  0.005567         0   0.02635        45       416    0.9054    0.6835    0.7831    0.4161   0.03626  0.009146         0
   195/299     7.64G   0.02378  0.006222         0      0.03        27       416    0.9102    0.7245    0.8133    0.4307   0.03557  0.007805         0
   196/299     7.64G   0.02354  0.005637         0   0.02918        28       416    0.8793    0.7449    0.8041    0.4277   0.03516  0.007396         0
   197/299     7.64G   0.02242  0.005767         0   0.02818        37       416    0.9228    0.7347    0.8312    0.4244   0.03562  0.008094         0
   198/299     7.64G   0.02228  0.005804         0   0.02809        33       416    0.8683    0.6728    0.7591    0.3831   0.03907  0.009404         0
   199/299     7.64G   0.02218  0.006159         0   0.02833        44       416    0.8187    0.6939    0.7071    0.3727   0.03992  0.009207         0
   200/299     7.64G   0.02349  0.005777         0   0.02927        28       416    0.8093    0.6939    0.7285    0.3711   0.04149  0.009057         0
   201/299     7.64G   0.02454  0.006086         0   0.03063        41       416    0.7815    0.6935    0.7338    0.3858   0.03631  0.009294         0
   202/299     7.64G   0.02283  0.005902         0   0.02873        44       416    0.7906    0.6935    0.7501    0.4016   0.03514  0.008719         0
   203/299     7.64G   0.02207  0.005276         0   0.02734        36       416    0.8214     0.704    0.7548     0.409   0.03491  0.008629         0
   204/299     7.64G    0.0237  0.006114         0   0.02982        29       416      0.88    0.6734    0.7534    0.3928   0.03657  0.008946         0
   205/299     7.64G    0.0228  0.005841         0   0.02864        36       416    0.9043    0.6837    0.7503    0.3883   0.03769  0.008978         0
   206/299     7.64G   0.02312  0.005982         0   0.02911        36       416    0.9187    0.6939    0.7571    0.3941   0.03749  0.009183         0
   207/299     7.64G   0.02376  0.006115         0   0.02987        43       416    0.8874    0.7245    0.7711    0.3937   0.03764  0.009257         0
   208/299     7.64G   0.02182  0.006331         0   0.02815        36       416     0.886    0.7143    0.7853    0.4054   0.03592  0.008645         0
   209/299     7.64G   0.02043   0.00466         0   0.02509        26       416    0.8998    0.7347    0.8135    0.3983    0.0348  0.008475         0
   210/299     7.64G   0.02056  0.005908         0   0.02647        36       416     0.886    0.7143    0.7725     0.388   0.03813  0.009198         0
   211/299     7.64G   0.02376  0.005257         0   0.02901        25       416    0.8987    0.7245    0.7811    0.3891   0.03747  0.009321         0
   212/299     7.64G   0.02357  0.005619         0   0.02919        18       416    0.8808    0.7551    0.7936     0.412   0.03617  0.009374         0
   213/299     7.64G   0.02037  0.005435         0    0.0258        40       416    0.9066    0.6936    0.7728    0.4304   0.03718  0.009245         0
   214/299     7.64G   0.02068  0.005743         0   0.02642        48       416    0.8529    0.7143    0.7871    0.4137   0.03804  0.008754         0
   215/299     7.64G   0.02218  0.005957         0   0.02814        48       416    0.8638    0.7143    0.7903    0.4233   0.03786  0.008836         0
   216/299     7.64G   0.02219  0.005567         0   0.02776        33       416    0.8433    0.7141     0.776    0.4208   0.03609  0.008917         0
   217/299     7.64G   0.02152  0.005808         0   0.02733        33       416    0.8391    0.7449    0.7971    0.4419   0.03387  0.009122         0
   218/299     7.64G   0.01982  0.005123         0   0.02494        35       416     0.883    0.6939    0.8049    0.4428   0.03465  0.009212         0
   219/299     7.64G   0.02175  0.005843         0    0.0276        36       416     0.826    0.7755    0.8255    0.4505   0.03412  0.009293         0
   220/299     7.64G   0.02092  0.005522         0   0.02644        48       416    0.8657    0.7245    0.7921    0.4308    0.0343  0.009517         0
   221/299     7.64G   0.02014  0.005661         0    0.0258        44       416    0.8111    0.7449    0.7679    0.4336   0.03442  0.009392         0
   222/299     7.64G   0.01789  0.005819         0    0.0237        30       416    0.8506    0.7551    0.7905    0.4559     0.033  0.008194         0
   223/299     7.64G   0.01976  0.005022         0   0.02478        33       416    0.8444    0.7755    0.7999    0.4515   0.03341  0.008158         0
   224/299     7.64G   0.01876  0.005311         0   0.02407        41       416     0.875    0.7143    0.7919    0.4423   0.03423  0.008198         0
   225/299     7.64G   0.01932  0.005341         0   0.02466        37       416    0.8129    0.7551    0.7831    0.4251   0.03485  0.008443         0
   226/299     7.64G   0.02033  0.005314         0   0.02565        37       416    0.8391    0.7449    0.7952    0.4477   0.03335  0.008909         0
   227/299     7.64G   0.02207  0.005524         0   0.02759        57       416    0.8152    0.7653    0.7935    0.4506   0.03319  0.008976         0
   228/299     7.64G   0.02288  0.005425         0   0.02831        26       416    0.8675    0.7347       0.8    0.4509   0.03332  0.008746         0
   229/299     7.64G   0.02068  0.005958         0   0.02663        42       416    0.7843    0.8163    0.8201     0.436   0.03359   0.00941         0
   230/299     7.64G   0.01953  0.005346         0   0.02488        38       416    0.8704    0.7551     0.801    0.4216   0.03434  0.009351         0
   231/299     7.64G   0.01958   0.00472         0    0.0243        17       416    0.8444    0.7755    0.8038    0.4228   0.03439  0.009437         0
   232/299     7.64G   0.01914  0.005146         0   0.02428        42       416    0.9088    0.7143    0.7897    0.4248   0.03475  0.009654         0
   233/299     7.64G   0.01896  0.005076         0   0.02403        30       416    0.8961    0.7041    0.7794    0.4236   0.03491  0.009837         0
   234/299     7.64G   0.01803  0.004453         0   0.02248        31       416    0.8831    0.6938    0.7874     0.425   0.03435  0.009841         0
   235/299     7.64G    0.0196  0.005427         0   0.02503        60       416    0.8433    0.7141    0.7777    0.4076   0.03608   0.01014         0
   236/299     7.64G   0.01975  0.004614         0   0.02436        29       416    0.8537    0.7143    0.8144    0.4348   0.03431  0.009823         0
   237/299     7.64G   0.01864  0.005401         0   0.02404        36       416    0.8241    0.7653    0.8129    0.4238   0.03508  0.009726         0
   238/299     7.64G   0.01823  0.004975         0   0.02321        43       416    0.8279    0.7857    0.8132     0.431   0.03694  0.009595         0
   239/299     7.64G   0.01774  0.005442         0   0.02318        35       416    0.8402    0.8061     0.812    0.4226   0.03559  0.009403         0
   240/299     7.64G   0.01869  0.005058         0   0.02375        35       416    0.8387    0.7959    0.8147    0.4388   0.03409  0.008869         0
   241/299     7.64G   0.01932  0.005617         0   0.02494        35       416    0.8533    0.7755    0.8235    0.4479   0.03338  0.008711         0
   242/299     7.64G   0.01783  0.005209         0   0.02304        42       416    0.8522    0.7651    0.8042    0.4281   0.03469   0.00919         0
   243/299     7.64G   0.01858  0.005506         0   0.02408        39       416    0.8333     0.765    0.7886    0.4258   0.03601  0.009106         0
   244/299     7.64G   0.01687  0.004541         0   0.02141        41       416    0.8523    0.7652    0.8098    0.4274   0.03518  0.009038         0
   245/299     7.64G   0.01863  0.005277         0   0.02391        42       416     0.826    0.7751     0.813     0.428   0.03475  0.009058         0
   246/299     7.64G   0.01717  0.005369         0   0.02254        44       416    0.8109    0.7449    0.7739    0.4027   0.03609  0.009918         0
   247/299     7.64G   0.01946  0.005423         0   0.02489        54       416    0.7985    0.7347    0.7684    0.4063   0.03602   0.01015         0
   248/299     7.64G   0.01867  0.005283         0   0.02396        26       416    0.8589    0.6837    0.7586    0.4138   0.03542   0.01014         0
   249/299     7.64G   0.01857  0.004901         0   0.02347        31       416    0.8409     0.755    0.8086    0.4228   0.03492    0.0098         0
   250/299     7.64G   0.01656  0.004795         0   0.02136        35       416    0.8219    0.8061     0.824    0.4326   0.03591  0.009742         0
   251/299     7.64G   0.01814  0.004699         0   0.02284        32       416    0.8888    0.7347    0.8277    0.4199   0.03544   0.00949         0
   252/299     7.64G   0.01692  0.004997         0   0.02192        38       416    0.8036    0.7959     0.813    0.4129   0.03521  0.009186         0
   253/299     7.64G   0.01742  0.004996         0   0.02242        22       416    0.8444    0.7755    0.8091    0.4201   0.03478  0.009256         0
   254/299     7.64G   0.01742  0.005136         0   0.02256        37       416    0.8749    0.7857    0.8163     0.425   0.03453  0.009519         0
   255/299     7.64G   0.01745  0.004896         0   0.02235        45       416     0.846    0.7857    0.8186    0.4298   0.03438  0.009309         0
   256/299     7.64G   0.01748  0.005495         0   0.02298        44       416     0.835    0.7755    0.8155    0.4342   0.03384   0.00915         0
   257/299     7.64G   0.01674  0.004272         0   0.02102        32       416    0.8674    0.7345    0.8031    0.4348   0.03372  0.009134         0
   258/299     7.64G   0.01714  0.004667         0   0.02181        39       416    0.8748    0.7143    0.8151    0.4418   0.03409  0.008834         0
   259/299     7.64G   0.01689  0.004855         0   0.02174        22       416    0.8254    0.7755    0.8149    0.4247   0.03448  0.008702         0
   260/299     7.64G   0.01767   0.00525         0   0.02292        36       416    0.8635    0.7755    0.8309    0.4339   0.03436  0.008779         0
   261/299     7.64G   0.01656  0.004596         0   0.02116        24       416    0.8809    0.7551    0.8295    0.4421   0.03383  0.008887         0
   262/299     7.64G   0.01598   0.00486         0   0.02084        40       416    0.8503    0.7551    0.8116    0.4303   0.03469  0.009107         0
   263/299     7.64G   0.01686   0.00513         0   0.02199        47       416    0.8423    0.7653     0.803    0.4315   0.03457  0.008951         0
   264/299     7.64G   0.01547  0.004785         0   0.02025        41       416     0.839    0.7449    0.8058     0.435   0.03466  0.008681         0
   265/299     7.64G   0.01724   0.00492         0   0.02216        56       416    0.7888    0.7653     0.807    0.4335   0.03459  0.008643         0
   266/299     7.64G   0.01646  0.004613         0   0.02107        30       416    0.9275    0.6531    0.7996    0.4269   0.03535  0.008699         0
   267/299     7.64G   0.01705    0.0043         0   0.02135        22       416    0.8313    0.7038    0.7889    0.4186   0.03565  0.008554         0
   268/299     7.64G   0.01714  0.005042         0   0.02218        30       416    0.7935    0.7448    0.8021    0.4236   0.03497  0.008548         0
   269/299     7.64G   0.01724  0.005112         0   0.02236        35       416    0.7993    0.7755    0.8051    0.4207   0.03476  0.008586         0
   270/299     7.64G   0.01663  0.004715         0   0.02135        57       416     0.839    0.7449    0.8232    0.4285   0.03401  0.008855         0
   271/299     7.64G   0.01761  0.005283         0   0.02289        48       416    0.8604    0.7551    0.8037    0.4216     0.034  0.009222         0
   272/299     7.64G   0.01672  0.004891         0   0.02162        55       416    0.8824    0.7653    0.8117    0.4153   0.03476  0.009526         0
   273/299     7.64G   0.01708  0.004941         0   0.02202        33       416    0.8721    0.7651    0.8204    0.4173   0.03524  0.009455         0
   274/299     7.64G   0.01568    0.0044         0   0.02008        34       416    0.8351    0.7755    0.8349     0.422   0.03349  0.009003         0
   275/299     7.64G   0.01546  0.004241         0    0.0197        38       416    0.8444    0.7755    0.8372    0.4249   0.03341  0.008818         0
   276/299     7.64G   0.01509  0.004235         0   0.01932        33       416     0.869    0.7449    0.8479    0.4375   0.03379   0.00864         0
   277/299     7.64G   0.01573  0.004935         0   0.02066        41       416    0.8487    0.7449    0.8268    0.4412   0.03369  0.009018         0
   278/299     7.64G   0.01713  0.004805         0   0.02193        35       416    0.8194    0.7449    0.8084     0.425   0.03429  0.009147         0
   279/299     7.64G   0.01528   0.00448         0   0.01976        55       416    0.8255    0.7239    0.7968    0.4248   0.03437  0.009204         0
   280/299     7.64G   0.01593  0.004322         0   0.02025        39       416    0.8182    0.7347    0.7906    0.4174   0.03438  0.008929         0
   281/299     7.64G   0.01582  0.004413         0   0.02023        32       416    0.8732     0.703    0.7911    0.4136   0.03478  0.009469         0
   282/299     7.64G    0.0148  0.004338         0   0.01914        29       416    0.8506     0.755    0.7999    0.4224   0.03574   0.00957         0
   283/299     7.64G    0.0158  0.004425         0   0.02022        40       416    0.8706    0.7551    0.8058    0.4293   0.03617  0.009642         0
   284/299     7.64G    0.0159   0.00432         0   0.02022        24       416     0.875    0.7856    0.7987    0.4315   0.03544  0.009606         0
   285/299     7.64G   0.01637  0.004409         0   0.02078        44       416    0.8444    0.7753    0.8083    0.4326    0.0341  0.008646         0
   286/299     7.64G   0.01545  0.004468         0   0.01992        34       416    0.8105    0.7856    0.8051    0.4206   0.03436  0.008546         0
   287/299     7.64G   0.01462  0.004028         0   0.01865        28       416    0.8426    0.7653    0.8229    0.4233   0.03407  0.008517         0
   288/299     7.64G   0.01397   0.00417         0   0.01814        41       416       0.8    0.8161    0.8173    0.4283   0.03375  0.008511         0
   289/299     7.64G   0.01474  0.003955         0   0.01869        42       416    0.8588    0.7447    0.8107    0.4366   0.03336   0.00874         0
   290/299     7.64G   0.01442  0.003905         0   0.01833        32       416    0.8961     0.704     0.812    0.4445   0.03345  0.009043         0
   291/299     7.64G   0.01504  0.004335         0   0.01937        37       416     0.779    0.7653    0.8052    0.4428   0.03376  0.009098         0
   292/299     7.64G   0.01575  0.004828         0   0.02058        42       416    0.7673    0.7755    0.8058      0.42   0.03421  0.009079         0
   293/299     7.64G   0.01508  0.004725         0   0.01981        29       416    0.7877    0.7959    0.8229    0.4198   0.03418  0.008964         0
   294/299     7.64G   0.01376  0.003812         0   0.01758        39       416    0.8571    0.7346    0.8179    0.4329    0.0341  0.008946         0
   295/299     7.64G    0.0156  0.004539         0   0.02014        46       416    0.8588    0.7449    0.8119    0.4311   0.03415  0.008743         0
   296/299     7.64G   0.01439  0.004096         0   0.01848        29       416    0.9189    0.6938    0.8139    0.4276   0.03425  0.008821         0
   297/299     7.64G   0.01404  0.004216         0   0.01826        29       416    0.8104    0.7851    0.8243    0.4285    0.0342  0.009059         0
   298/299     7.64G   0.01485  0.004043         0    0.0189        48       416    0.8016    0.7857    0.8239    0.4263   0.03429  0.009012         0
   299/299     7.64G   0.01549  0.004213         0    0.0197        31       416      0.78    0.7958    0.8163    0.4248   0.03385  0.008831         0
