     0/299     2.24G    0.1078   0.01653         0    0.1244        19       416    0.0014    0.1553 0.0003837 4.748e-05    0.1017   0.01817         0
     1/299     6.34G    0.1024   0.01688         0    0.1193        30       416  0.002155    0.3495 0.0008211 0.0001119   0.09616   0.01536         0
     2/299     7.78G   0.09814   0.01584         0     0.114        37       416  0.005129   0.08738  0.002015 0.0003622   0.09284   0.01475         0
     3/299     7.78G   0.09071    0.0193         0      0.11        29       416   0.01451   0.05825  0.003041 0.0005989   0.09239   0.01407         0
     4/299     7.78G   0.08784   0.01867         0    0.1065        36       416   0.04226    0.1262   0.01888  0.003612   0.08236   0.01553         0
     5/299     7.78G   0.08308   0.01883         0    0.1019        19       416    0.1057    0.1165   0.03219  0.007101   0.08046   0.01532         0
     6/299     7.78G   0.07957   0.01797         0   0.09754        31       416    0.4572    0.3495    0.2734   0.06739   0.07626    0.0141         0
     7/299     7.78G   0.07426   0.01943         0   0.09369        35       416    0.5078    0.2905    0.2864   0.06181   0.07057   0.01262         0
     8/299     7.78G   0.07056   0.01595         0   0.08651        27       416    0.1814    0.3107    0.1274   0.02804    0.0704   0.01218         0
     9/299     7.78G   0.06949   0.01459         0   0.08408        27       416      0.39     0.466    0.3317     0.078   0.06303   0.01196         0
    10/299     7.78G   0.06955   0.01552         0   0.08507        29       416    0.4833     0.436    0.3812    0.1089   0.06601   0.01088         0
    11/299     7.78G    0.0663   0.01437         0   0.08067        31       416    0.6752    0.5049    0.5905    0.1984   0.05825   0.00998         0
    12/299     7.78G   0.06415   0.01406         0   0.07821        30       416    0.6336    0.6408    0.6205    0.1695   0.05919  0.009997         0
    13/299     7.78G   0.06138   0.01392         0    0.0753        25       416    0.4601    0.5922    0.4604     0.135   0.05885   0.01004         0
    14/299     7.78G   0.06287   0.01231         0   0.07518        22       416    0.4754    0.6019    0.4785    0.1308   0.06228  0.009441         0
    15/299     7.78G   0.06931   0.01269         0   0.08201        26       416    0.4177    0.5437    0.3657   0.09749   0.06969  0.009122         0
    16/299      7.8G   0.06644   0.01182         0   0.07826        21       416    0.6919    0.4466     0.543    0.1812   0.06851  0.009495         0
    17/299      7.8G   0.06426   0.01259         0   0.07685        18       416    0.5644    0.5049     0.476    0.1325   0.06876  0.008876         0
    18/299      7.8G   0.06456   0.01311         0   0.07767        26       416    0.3271    0.5631    0.2923   0.07299   0.07183  0.009529         0
    19/299      7.8G   0.06603   0.01228         0    0.0783        30       416    0.7498    0.4365    0.6042    0.1938   0.06373  0.009437         0
    20/299      7.8G   0.05989   0.01163         0   0.07152        24       416     0.412    0.7282    0.5015    0.1793   0.05808  0.009635         0
    21/299      7.8G   0.06286   0.01075         0   0.07361        27       416    0.7076    0.6408    0.6685    0.2115   0.05746  0.009811         0
    22/299      7.8G   0.05824   0.01361         0   0.07185        52       416    0.6562    0.6117    0.6411    0.2319   0.05279  0.009187         0
    23/299      7.8G   0.05585   0.01175         0    0.0676        32       416    0.5921    0.6201    0.5994    0.1825   0.06041  0.008638         0
    24/299      7.8G   0.05487   0.01138         0   0.06625        28       416    0.6916    0.5534    0.5991    0.2219   0.05721   0.01003         0
    25/299      7.8G   0.06023   0.01226         0    0.0725        28       416    0.6731    0.6795    0.6621    0.2473   0.05815  0.008645         0
    26/299      7.8G    0.0609   0.01179         0   0.07268        28       416    0.6437    0.6505    0.6113    0.2017    0.0533  0.008728         0
    27/299      7.8G   0.05291  0.009996         0   0.06291        32       416    0.6948    0.7476    0.7508    0.2663   0.05524  0.008332         0
    28/299      7.8G   0.05141   0.01027         0   0.06168        22       416    0.5722    0.6882    0.6346    0.2555   0.05273  0.009219         0
    29/299      7.8G   0.05788   0.01035         0   0.06823        26       416     0.622    0.5433    0.5291    0.1781   0.05859  0.008559         0
    30/299      7.8G   0.05719    0.0104         0    0.0676        25       416    0.7403    0.6408    0.6494    0.1833   0.05641  0.008993         0
    31/299      7.8G   0.05357   0.01214         0   0.06571        42       416    0.7707     0.718     0.751    0.2583   0.05611  0.008667         0
    32/299      7.8G    0.0601   0.01008         0   0.07018        30       416    0.6255    0.5243      0.51    0.1658   0.06186  0.008589         0
    33/299      7.8G   0.05774    0.0109         0   0.06864        30       416    0.8016    0.7087     0.706    0.2272   0.05352  0.008663         0
    34/299      7.8G   0.05286   0.01128         0   0.06415        33       416    0.5351    0.5146    0.4232    0.1117   0.07085  0.008445         0
    35/299      7.8G   0.05403   0.01066         0   0.06469        27       416     0.779    0.7573    0.7628    0.2758   0.05196  0.008213         0
    36/299      7.8G   0.05438  0.009453         0   0.06383        39       416     0.638    0.5825    0.5714    0.2441   0.05585   0.00853         0
    37/299      7.8G   0.05071  0.009474         0   0.06019        17       416    0.7047    0.7181     0.705    0.2527   0.05148  0.009055         0
    38/299      7.8G   0.05033  0.009697         0   0.06003        31       416    0.7383    0.6299    0.7173     0.261   0.05244  0.008386         0
    39/299      7.8G   0.05016  0.008706         0   0.05887        22       416    0.7837    0.6019    0.7114    0.3162     0.048  0.008505         0
    40/299      7.8G   0.04769  0.009289         0   0.05697        21       416    0.7285    0.7556    0.7303    0.3078    0.0479  0.008798         0
    41/299      7.8G    0.0474  0.009673         0   0.05708        34       416    0.8348    0.7864    0.8052    0.2915   0.04793    0.0088         0
    42/299      7.8G   0.04911   0.01031         0   0.05942        17       416    0.7633    0.6893    0.7276    0.2636   0.05008  0.008769         0
    43/299      7.8G   0.04361  0.009574         0   0.05319        33       416    0.7856    0.7471    0.7835    0.3807   0.04265  0.008438         0
    44/299      7.8G   0.04614    0.0102         0   0.05634        45       416    0.6657    0.6019    0.6398    0.1867    0.0517  0.008221         0
    45/299      7.8G   0.04775  0.009552         0    0.0573        29       416    0.6271    0.7184    0.6716    0.2079   0.05629  0.008091         0
    46/299      7.8G   0.05883  0.008292         0   0.06712        15       416    0.7395    0.6891    0.7249    0.2405   0.05213  0.008952         0
    47/299      7.8G   0.05576   0.01026         0   0.06602        37       416    0.7205    0.7767    0.7461    0.2764   0.05087  0.009417         0
    48/299      7.8G    0.0527  0.008995         0   0.06169        20       416    0.7634    0.6893    0.7296    0.2526   0.05244   0.00827         0
    49/299      7.8G   0.05353  0.009735         0   0.06327        41       416    0.6309    0.7184    0.6988    0.2672    0.0482  0.008431         0
    50/299      7.8G   0.05111  0.009241         0   0.06035        41       416    0.6806    0.7863    0.7163    0.2851   0.04673  0.008577         0
    51/299      7.8G   0.04674  0.008604         0   0.05535        14       416    0.7616    0.7756    0.8086    0.3145   0.04912  0.008216         0
    52/299      7.8G   0.04651  0.009859         0   0.05637        32       416    0.7941    0.7862     0.773    0.2708   0.05039  0.008112         0
    53/299      7.8G   0.05067  0.009472         0   0.06015        32       416    0.7247    0.7666    0.6911    0.2535   0.05416  0.008582         0
    54/299      7.8G   0.05298  0.009313         0   0.06229        24       416    0.8421    0.7767    0.8407    0.3216     0.049  0.008158         0
    55/299      7.8G   0.04402  0.008331         0   0.05235        22       416    0.7494    0.7864    0.7685     0.309   0.04751  0.008576         0
    56/299      7.8G   0.04481  0.009376         0   0.05418        36       416      0.76    0.7379    0.7226    0.3187   0.05111  0.008556         0
    57/299      7.8G   0.04499  0.009118         0   0.05411        26       416    0.8687    0.7087    0.7372    0.2792   0.05208  0.009346         0
    58/299      7.8G   0.05138  0.009174         0   0.06055        25       416     0.883    0.5922    0.7145    0.3216   0.04762  0.008812         0
    59/299      7.8G   0.04078   0.01034         0   0.05112        35       416    0.8063    0.6893    0.7306     0.321   0.04967  0.007912         0
    60/299      7.8G    0.0458  0.009319         0   0.05512        27       416    0.8835    0.7379     0.823    0.3113    0.0481  0.008632         0
    61/299      7.8G   0.04183  0.009132         0   0.05096        26       416    0.7757    0.8058    0.8246    0.3745   0.04209  0.008244         0
    62/299      7.8G   0.04278  0.009951         0   0.05274        26       416    0.8377    0.8058    0.8414    0.3733    0.0414  0.008276         0
    63/299      7.8G   0.03992  0.009567         0   0.04949        35       416    0.8298    0.7571     0.799     0.343   0.04423  0.008958         0
    64/299      7.8G   0.04202  0.009704         0   0.05173        27       416    0.7522    0.7379    0.7291    0.2694    0.0515  0.009344         0
    65/299      7.8G   0.04356   0.00898         0   0.05254        24       416    0.8431    0.8348    0.8473    0.3897   0.04343  0.008426         0
    66/299      7.8G    0.0383  0.009148         0   0.04745        31       416    0.7863    0.7864    0.8104     0.367   0.04462  0.009106         0
    67/299      7.8G   0.03894  0.008165         0    0.0471        29       416    0.8412    0.5146    0.5811     0.216   0.05865   0.01325         0
    68/299      7.8G   0.04532  0.008805         0   0.05412        24       416    0.8172    0.7376    0.7833    0.3292   0.04584  0.008778         0
    69/299      7.8G    0.0373  0.008698         0     0.046        21       416    0.7567    0.7864    0.8178     0.369   0.04302  0.009311         0
    70/299      7.8G   0.03914  0.009785         0   0.04893        25       416    0.7937    0.7476    0.8036    0.3619   0.04261  0.008725         0
    71/299      7.8G   0.03983  0.008496         0   0.04832        33       416    0.7933    0.7476    0.7895    0.3533   0.04361    0.0102         0
    72/299      7.8G   0.03765  0.007488         0   0.04514        41       416    0.7525    0.7084     0.742    0.3426     0.046   0.01066         0
    73/299      7.8G   0.03608  0.008516         0   0.04459        41       416    0.7812     0.728    0.7713    0.3281   0.04856  0.009097         0
    74/299      7.8G   0.04065  0.009501         0   0.05015        34       416    0.8684    0.7087    0.8066    0.3508   0.04453  0.009334         0
    75/299      7.8G   0.03813  0.008038         0   0.04616        31       416    0.8873    0.6878    0.7695    0.3389   0.04589  0.009327         0
    76/299      7.8G   0.03696  0.009646         0   0.04661        41       416    0.8045     0.679    0.7239    0.3102    0.0463   0.00887         0
    77/299      7.8G   0.03779  0.008117         0   0.04591        18       416    0.8568     0.699    0.7857    0.3251   0.04616  0.008722         0
    78/299      7.8G   0.04089   0.00899         0   0.04988        30       416    0.6568    0.6504    0.6532    0.2549   0.05056   0.01119         0
    79/299      7.8G   0.04363   0.00877         0    0.0524        34       416    0.8708    0.5243    0.6472    0.2696   0.05293   0.01261         0
    80/299      7.8G   0.04083   0.00855         0   0.04938        34       416    0.8717    0.6596    0.7396    0.3059   0.04886   0.01206         0
    81/299      7.8G   0.04107  0.009421         0   0.05049        41       416    0.8733    0.6699     0.735    0.3264    0.0468  0.009759         0
    82/299      7.8G   0.03475  0.008108         0   0.04286        28       416    0.8039    0.7959    0.8169    0.4193   0.04239  0.008459         0
    83/299      7.8G   0.03735  0.008367         0   0.04571        26       416    0.7921    0.7767    0.8043    0.3787   0.04287  0.009461         0
    84/299      7.8G   0.03687  0.008466         0   0.04533        29       416     0.883    0.6602    0.7686    0.3657   0.04442   0.01193         0
    85/299      7.8G   0.03533   0.00839         0   0.04372        43       416    0.7931    0.6699    0.7211    0.3263   0.04492    0.0121         0
    86/299      7.8G   0.03629  0.009074         0   0.04537        36       416    0.8207    0.7573    0.8129     0.374   0.04453  0.009054         0
    87/299      7.8G   0.04029  0.009489         0   0.04978        32       416    0.8617    0.7862    0.8104    0.3885   0.04335  0.008471         0
    88/299      7.8G   0.03734   0.00878         0   0.04612        29       416    0.7776    0.8155    0.8055    0.3745   0.04296  0.009443         0
    89/299      7.8G   0.03935  0.008817         0   0.04816        41       416    0.8264    0.6214    0.7186    0.2608   0.05081   0.01069         0
    90/299      7.8G   0.04047  0.008332         0   0.04881        26       416    0.8389    0.7087    0.7768    0.3439   0.04588  0.009777         0
    91/299      7.8G    0.0362  0.008583         0   0.04478        18       416     0.777    0.5437    0.5872    0.2453     0.051    0.0137         0
    92/299      7.8G   0.03792  0.009051         0   0.04697        45       416    0.7923    0.8155    0.8211     0.353   0.04439  0.009491         0
    93/299      7.8G   0.03454  0.009332         0   0.04387        42       416    0.9167    0.6407    0.7755    0.3423   0.04564   0.01012         0
    94/299      7.8G   0.03602  0.008777         0    0.0448        30       416    0.8602    0.7767    0.8711     0.366   0.04428  0.009075         0
    95/299      7.8G   0.03875  0.008199         0   0.04695        48       416    0.8369    0.7476    0.8102     0.387    0.0429    0.0088         0
    96/299      7.8G   0.03473  0.008076         0   0.04281        26       416    0.9157    0.7378    0.8564    0.3593   0.04292  0.009325         0
    97/299      7.8G   0.03681  0.009192         0     0.046        47       416     0.894    0.7379    0.8742    0.3981     0.042  0.009485         0
    98/299      7.8G   0.03534  0.007244         0   0.04258        31       416    0.8555    0.7474    0.8083    0.3522   0.04603  0.009013         0
    99/299      7.8G   0.03886  0.008978         0   0.04784        28       416     0.821    0.7571     0.832    0.3817   0.04264  0.008973         0
   100/299      7.8G   0.03624  0.008132         0   0.04437        33       416    0.8873     0.767    0.8166    0.3689   0.04397   0.00875         0
   101/299      7.8G   0.03149  0.008505         0   0.03999        28       416    0.8697    0.7864    0.8138    0.3856   0.04362  0.009273         0
   102/299      7.8G   0.03263  0.008228         0   0.04085        42       416    0.8039     0.796    0.8389    0.4091   0.04109  0.009675         0
   103/299      7.8G   0.03511  0.008617         0   0.04373        34       416    0.8235    0.8155    0.8391    0.4252   0.04013  0.009421         0
   104/299      7.8G   0.03499  0.008866         0   0.04386        33       416    0.7304    0.8153    0.8086    0.3913   0.04247  0.009809         0
   105/299      7.8G   0.03479  0.008582         0   0.04338        34       416    0.8896    0.7864    0.8462    0.3888   0.04287  0.009938         0
   106/299      7.8G   0.03487  0.007368         0   0.04224        34       416    0.8941    0.7379    0.8537    0.4058   0.04132  0.009823         0
   107/299      7.8G   0.03779  0.008078         0   0.04587        28       416    0.8571     0.757    0.8196    0.3758   0.04228  0.009471         0
   108/299      7.8G   0.03463  0.007079         0   0.04171        23       416    0.8776     0.699    0.7759    0.3504   0.04526   0.01053         0
   109/299      7.8G   0.03201   0.00887         0   0.04088        45       416    0.7358    0.7573    0.7699    0.3347   0.04599  0.009372         0
   110/299      7.8G    0.0314   0.00848         0   0.03988        32       416    0.7006    0.7961    0.7597    0.3472   0.04507  0.009531         0
   111/299      7.8G   0.03168  0.007652         0   0.03933        37       416    0.7663    0.7959    0.7744    0.3657   0.04434  0.009045         0
   112/299      7.8G    0.0294  0.007065         0   0.03647        41       416     0.808    0.7763    0.8012    0.3793   0.04166  0.009263         0
   113/299      7.8G   0.02952  0.007557         0   0.03707        48       416    0.8515    0.8348    0.8533    0.3996   0.03906  0.009219         0
   114/299      7.8G   0.03066  0.007451         0   0.03812        26       416    0.9175     0.864    0.8982    0.4533   0.03669  0.008703         0
   115/299      7.8G   0.03165  0.007472         0   0.03912        27       416    0.8762    0.8932     0.885    0.4488   0.03924  0.008716         0
   116/299      7.8G   0.03374  0.008163         0    0.0419        49       416    0.9209    0.7961    0.8701    0.4422   0.04177  0.008492         0
   117/299      7.8G   0.03098  0.007194         0   0.03818        26       416    0.8461    0.7476    0.8156    0.3842    0.0455  0.008584         0
   118/299      7.8G   0.03138  0.008364         0   0.03975        40       416    0.8953    0.7476    0.8288    0.4349   0.04014  0.009298         0
   119/299      7.8G   0.02885  0.007187         0   0.03604        23       416    0.8925    0.7282    0.7992    0.3942   0.04228  0.009723         0
   120/299      7.8G   0.02894  0.006424         0   0.03536        20       416    0.8666    0.7571    0.8056    0.4001   0.04035   0.01044         0
   121/299      7.8G   0.02928  0.007329         0    0.0366        33       416    0.8494     0.767    0.8073    0.3874   0.04245   0.01047         0
   122/299      7.8G   0.03102  0.007093         0   0.03811        28       416    0.7521    0.7961    0.8053    0.3773   0.04193   0.01037         0
   123/299      7.8G   0.02787  0.007625         0    0.0355        32       416    0.7872    0.7183    0.7625    0.3392   0.04453   0.01038         0
   124/299      7.8G   0.03078   0.00749         0   0.03827        28       416    0.7755    0.7379    0.7637     0.359   0.04312   0.01053         0
   125/299      7.8G   0.02952  0.007519         0   0.03704        20       416    0.8247    0.7767    0.7924    0.3815   0.04343  0.009831         0
   126/299      7.8G   0.02976  0.007431         0   0.03719        48       416    0.7622    0.7476    0.7762    0.3863    0.0424   0.01114         0
   127/299      7.8G   0.02943  0.007386         0   0.03681        30       416    0.9136    0.7184    0.7977     0.389   0.04217  0.009765         0
   128/299      7.8G   0.03237  0.007676         0   0.04004        35       416     0.901    0.7961    0.8372    0.3895   0.04096  0.009203         0
   129/299      7.8G    0.0326  0.007136         0   0.03973        32       416    0.8908    0.7961    0.8703    0.4313   0.03876   0.00884         0
   130/299      7.8G   0.02651  0.007233         0   0.03375        21       416    0.8064    0.7282     0.785     0.411   0.04214  0.009936         0
   131/299      7.8G    0.0281   0.00757         0   0.03567        27       416    0.8208    0.7558    0.7898    0.4012   0.04326  0.009781         0
   132/299      7.8G   0.02795  0.007281         0   0.03523        29       416    0.8163    0.7766    0.7578    0.4097    0.0412   0.00974         0
   133/299      7.8G   0.02868  0.007692         0   0.03637        29       416    0.8365    0.7961     0.825    0.4066   0.04149  0.009443         0
   134/299      7.8G   0.02825  0.007563         0   0.03581        25       416    0.8977    0.7668    0.8472    0.4298   0.03924  0.009896         0
   135/299      7.8G   0.02873  0.006992         0   0.03573        32       416    0.8111    0.8339    0.8412    0.4294    0.0394   0.01011         0
   136/299      7.8G   0.03039  0.006782         0   0.03718        27       416    0.8824    0.8058    0.8541    0.4007   0.04046  0.009637         0
   137/299      7.8G   0.02682  0.007608         0   0.03442        24       416    0.8946    0.8252    0.8364    0.4018   0.04153  0.009211         0
   138/299      7.8G   0.02842    0.0068         0   0.03522        38       416    0.8829    0.8058    0.8524    0.4134   0.04042  0.009769         0
   139/299      7.8G     0.032  0.007288         0   0.03929        29       416    0.8098    0.7864    0.8127       0.4   0.04184  0.009695         0
   140/299      7.8G   0.02757   0.00771         0   0.03528        40       416    0.7999    0.7767    0.7951      0.36   0.04513  0.009773         0
   141/299      7.8G   0.02654  0.007686         0   0.03423        33       416    0.8721    0.7282    0.7999     0.367   0.04351  0.009252         0
   142/299      7.8G   0.02775  0.006471         0   0.03422        23       416    0.8119    0.7573     0.797     0.386   0.04197  0.009715         0
   143/299      7.8G   0.02764  0.007668         0   0.03531        19       416    0.8999    0.7864    0.8493    0.4028   0.04141   0.01028         0
   144/299      7.8G   0.03046  0.007223         0   0.03769        45       416    0.8497    0.8252    0.8545    0.4307    0.0402   0.01033         0
   145/299      7.8G   0.02737  0.007059         0   0.03443        17       416    0.9091    0.7766    0.8415    0.4221   0.03969   0.01056         0
   146/299      7.8G    0.0255  0.006294         0    0.0318        29       416     0.912    0.8058    0.8663    0.4222   0.03913    0.0105         0
   147/299      7.8G   0.02642  0.007016         0   0.03343        26       416    0.8602    0.7766      0.84    0.4326   0.03849   0.01055         0
   148/299      7.8G   0.02781  0.006686         0    0.0345        42       416    0.8777     0.767    0.8347     0.409   0.04119   0.01011         0
   149/299      7.8G   0.02655  0.006918         0   0.03347        26       416    0.8316    0.8155    0.8397    0.4127   0.04071   0.00975         0
   150/299      7.8G   0.02695  0.007053         0     0.034        28       416    0.9011     0.796    0.8399    0.4177   0.04095   0.01008         0
   151/299      7.8G   0.02761  0.006972         0   0.03458        29       416     0.913    0.8154    0.8882    0.4345   0.03846  0.009211         0
   152/299      7.8G   0.02792  0.007536         0   0.03546        26       416    0.8686    0.8345    0.8655    0.4291   0.03843  0.008992         0
   153/299      7.8G   0.02588  0.006041         0   0.03193        27       416    0.8131    0.8447    0.8391    0.4168   0.04026   0.00935         0
   154/299      7.8G    0.0282  0.006936         0   0.03514        27       416    0.8775    0.8349    0.8414    0.4045    0.0414   0.01045         0
   155/299      7.8G   0.02879  0.006592         0   0.03538        25       416    0.8645    0.8058    0.8708    0.4239   0.03997   0.01052         0
   156/299      7.8G    0.0296  0.006805         0    0.0364        38       416    0.7927    0.8539    0.8642    0.4178   0.04045   0.01002         0
   157/299      7.8G   0.02676  0.007271         0   0.03403        39       416      0.85     0.825    0.8681    0.4346   0.03901  0.009503         0
   158/299      7.8G   0.02542  0.006336         0   0.03176        36       416    0.8723    0.7961    0.8235    0.4279   0.03909  0.009597         0
   159/299      7.8G   0.02724  0.006755         0   0.03399        32       416    0.8707    0.8058    0.8478    0.4261   0.03955  0.009636         0
   160/299      7.8G    0.0265  0.007173         0   0.03367        25       416    0.8684     0.835    0.8562    0.4328   0.03834  0.009416         0
   161/299      7.8G   0.02188  0.006059         0   0.02794        25       416    0.8853    0.8252    0.8747    0.4272    0.0382   0.01036         0
   162/299      7.8G   0.02591  0.006803         0   0.03271        40       416    0.9032    0.8155    0.8522    0.4413   0.03888   0.01141         0
   163/299      7.8G   0.02517  0.006656         0   0.03183        35       416    0.8631    0.7961    0.8399    0.4374   0.03852   0.01135         0
   164/299      7.8G   0.02508  0.006738         0   0.03181        28       416    0.8602    0.7766    0.8275    0.4055   0.04029   0.01044         0
   165/299      7.8G   0.02249  0.005641         0   0.02813        26       416    0.8601    0.7767    0.8067    0.4249   0.03995   0.01004         0
   166/299      7.8G   0.02294  0.006922         0   0.02986        37       416    0.8587    0.7668    0.8276    0.4148   0.03959   0.01035         0
   167/299      7.8G   0.02463  0.006425         0   0.03105        27       416    0.8817    0.7961    0.8475    0.4399   0.03803   0.01016         0
   168/299      7.8G   0.02503  0.006288         0   0.03132        27       416    0.8775     0.835    0.8728    0.4583   0.03666  0.009155         0
   169/299      7.8G   0.02475  0.006275         0   0.03102        29       416    0.8489    0.8738     0.881    0.4732    0.0368  0.008758         0
   170/299      7.8G   0.02397  0.006142         0   0.03011        31       416    0.8623    0.8544    0.8742    0.4467   0.03726   0.00943         0
   171/299      7.8G   0.02547  0.007149         0   0.03262        28       416     0.883    0.8058    0.8693     0.422    0.0389  0.009894         0
   172/299      7.8G   0.02545  0.006899         0   0.03235        35       416    0.9326    0.8058    0.8868    0.4322   0.03872  0.009997         0
   173/299      7.8G    0.0236  0.006636         0   0.03024        37       416    0.9247     0.835    0.8936    0.4527   0.03775    0.0105         0
   174/299      7.8G   0.02637  0.006116         0   0.03249        19       416    0.8036    0.8342    0.8345    0.4306   0.03962   0.01161         0
   175/299      7.8G   0.02438  0.005825         0   0.03021        32       416    0.9166    0.7476    0.8158    0.4249   0.03929   0.01195         0
   176/299      7.8G   0.02491  0.006447         0   0.03135        33       416    0.8646    0.8056     0.847    0.4537   0.03751   0.01073         0
   177/299      7.8G   0.02385  0.005936         0   0.02979        40       416    0.8673    0.8252    0.8525    0.4092   0.04251  0.009217         0
   178/299      7.8G    0.0255  0.005989         0   0.03149        27       416    0.8787    0.8447    0.8853    0.4438   0.03797  0.009473         0
   179/299      7.8G   0.02492  0.005893         0   0.03081        32       416    0.8699    0.8442    0.8701    0.4446   0.03791   0.01003         0
   180/299      7.8G   0.02554  0.006696         0   0.03224        47       416    0.8978    0.8544     0.873    0.4367   0.03799   0.01032         0
   181/299      7.8G   0.02342  0.005277         0    0.0287        28       416    0.8924    0.8058    0.8851    0.4606    0.0375  0.009859         0
   182/299      7.8G    0.0215  0.005841         0   0.02734        21       416    0.8889    0.8541    0.9062    0.4592   0.03757  0.009571         0
   183/299      7.8G   0.02395  0.005432         0   0.02938        25       416    0.9127    0.8155    0.9004    0.4581   0.03807  0.009661         0
   184/299      7.8G   0.02319  0.005224         0   0.02841        17       416    0.9011     0.796    0.8698    0.4589   0.03777  0.009542         0
   185/299      7.8G   0.02092  0.005618         0   0.02654        41       416    0.8749    0.7469    0.7955    0.4046   0.04282   0.01172         0
   186/299      7.8G    0.0209  0.006195         0    0.0271        35       416    0.8034    0.7935    0.7973    0.4041   0.04252   0.01158         0
   187/299      7.8G   0.02206  0.006568         0   0.02863        30       416    0.8333    0.8252    0.8277    0.4333   0.04011   0.01047         0
   188/299      7.8G   0.02394  0.006494         0   0.03044        37       416    0.8934    0.8155    0.8605    0.4371   0.03902   0.01103         0
   189/299      7.8G   0.02115   0.00604         0   0.02719        24       416     0.875    0.7476    0.8336    0.4085   0.04069   0.01252         0
   190/299      7.8G   0.02165  0.005574         0   0.02722        44       416     0.931    0.7863    0.8899    0.4379   0.03811   0.01149         0
   191/299      7.8G   0.02388  0.006376         0   0.03026        50       416     0.934    0.8248    0.9039    0.4654   0.03727   0.01144         0
   192/299      7.8G   0.02244  0.006867         0   0.02931        34       416    0.9032    0.8155     0.875    0.4553   0.03864   0.01103         0
   193/299      7.8G   0.02515  0.006824         0   0.03197        35       416    0.8812    0.8639      0.89     0.467   0.03765   0.01072         0
   194/299      7.8G   0.02287  0.005594         0   0.02847        35       416    0.8809    0.8641    0.8772    0.4524   0.03728   0.01105         0
   195/299      7.8G   0.02244  0.006305         0   0.02874        40       416    0.9048     0.835    0.8806    0.4504   0.03643   0.01042         0
   196/299      7.8G   0.02367    0.0053         0   0.02897        20       416    0.8379    0.8534     0.881    0.4472   0.03685   0.01001         0
   197/299      7.8G   0.02348  0.006296         0   0.02978        27       416    0.8763    0.8252    0.8755    0.4338   0.03764  0.009861         0
   198/299      7.8G   0.02457    0.0063         0   0.03087        24       416    0.8571    0.8735    0.8822    0.4591    0.0358  0.009761         0
   199/299      7.8G   0.02262  0.006118         0   0.02874        31       416    0.9072    0.8543    0.8937    0.4612   0.03604   0.01032         0
   200/299      7.8G   0.02274  0.006076         0   0.02882        22       416    0.8877    0.8447     0.882    0.4439   0.03697   0.01086         0
   201/299      7.8G   0.02197  0.006031         0     0.028        23       416    0.8762    0.8252    0.8533    0.4591   0.03666   0.01127         0
   202/299      7.8G   0.01999  0.005177         0   0.02517        36       416    0.8431    0.8347    0.8671    0.4487   0.03749   0.01076         0
   203/299      7.8G   0.02077  0.005342         0   0.02612        47       416    0.8923    0.8058    0.8619    0.4334   0.03871   0.01019         0
   204/299      7.8G   0.02286  0.006207         0   0.02907        29       416    0.8861    0.7573    0.8451    0.4277   0.03913   0.01017         0
   205/299      7.8G   0.01957  0.005501         0   0.02508        31       416    0.9139    0.8252    0.8575    0.4485   0.03649   0.01016         0
   206/299      7.8G   0.01955  0.005272         0   0.02483        28       416    0.9158    0.8442    0.8924    0.4586   0.03642   0.01061         0
   207/299      7.8G   0.02148  0.005881         0   0.02736        38       416    0.9072    0.8543    0.8936    0.4518   0.03706   0.01071         0
   208/299      7.8G   0.02131   0.00611         0   0.02742        41       416    0.8762    0.8246    0.8475    0.4236   0.03867   0.01084         0
   209/299      7.8G   0.02008  0.005417         0    0.0255        17       416    0.9496    0.7379     0.828    0.4168   0.03971  0.009914         0
   210/299      7.8G   0.02111  0.005814         0   0.02693        29       416    0.8639    0.8641     0.873    0.4604   0.03638  0.009861         0
   211/299      7.8G   0.01925  0.005312         0   0.02456        19       416      0.89    0.8641     0.865    0.4616   0.03592    0.0101         0
   212/299      7.8G   0.01938  0.005309         0   0.02469        23       416    0.8723    0.8641    0.8676    0.4616   0.03582   0.01031         0
   213/299      7.8G   0.01868  0.005209         0   0.02389        34       416    0.9062    0.8446    0.8777    0.4597   0.03635   0.01053         0
   214/299      7.8G   0.01944   0.00526         0    0.0247        31       416    0.9069    0.8544    0.8674    0.4563   0.03685   0.01063         0
   215/299      7.8G   0.01996  0.005091         0   0.02505        31       416    0.9368     0.864    0.8834     0.454    0.0369   0.01094         0
   216/299      7.8G   0.02159  0.005596         0   0.02718        26       416    0.9167    0.8542    0.8719    0.4453   0.03801   0.01143         0
   217/299      7.8G   0.02089  0.005341         0   0.02623        25       416    0.8686     0.835    0.8479    0.4425   0.03924   0.01142         0
   218/299      7.8G   0.01932  0.005535         0   0.02486        30       416    0.8842    0.8155     0.853    0.4487   0.03881   0.01161         0
   219/299      7.8G   0.01846  0.004819         0   0.02328        16       416    0.9247     0.835    0.8789    0.4576   0.03785   0.01146         0
   220/299      7.8G   0.01921  0.005592         0    0.0248        27       416    0.9139    0.8252    0.8671    0.4549   0.03738   0.01154         0
   221/299      7.8G    0.0203  0.005965         0   0.02626        32       416    0.8936    0.8154    0.8736    0.4665   0.03693   0.01106         0
   222/299      7.8G   0.01788   0.00537         0   0.02325        25       416    0.9101    0.7864     0.866    0.4519   0.03712   0.01164         0
   223/299      7.8G   0.02211  0.005429         0   0.02754        25       416    0.8775    0.8348    0.8641    0.4472   0.03746   0.01159         0
   224/299      7.8G    0.0203  0.006193         0    0.0265        30       416    0.9041    0.8252    0.8454     0.433   0.03807   0.01161         0
   225/299      7.8G   0.02027  0.005474         0   0.02574        26       416     0.899    0.8638    0.8766    0.4493   0.03779   0.01143         0
   226/299      7.8G   0.01898  0.004877         0   0.02386        24       416    0.9247    0.8349    0.8873    0.4503   0.03759   0.01148         0
   227/299      7.8G   0.02088  0.005963         0   0.02684        48       416    0.9062    0.8445    0.8819     0.454   0.03668   0.01148         0
   228/299      7.8G   0.02031  0.005124         0   0.02544        19       416       0.9    0.7863    0.8371    0.4336   0.03864   0.01193         0
   229/299      7.8G   0.02026  0.005352         0   0.02561        41       416    0.8747    0.8155    0.8381    0.4239   0.03894   0.01185         0
   230/299      7.8G    0.0193  0.004961         0   0.02426        37       416    0.9042    0.8252    0.8763    0.4527   0.03715   0.01171         0
   231/299      7.8G   0.01801  0.005477         0   0.02349        29       416    0.9239    0.8249     0.872    0.4464   0.03748   0.01165         0
   232/299      7.8G    0.0196  0.005078         0   0.02468        31       416    0.8775    0.8349     0.861    0.4498   0.03738   0.01169         0
   233/299      7.8G   0.01854  0.005111         0   0.02366        30       416    0.9149     0.835    0.8758    0.4566   0.03733    0.0117         0
   234/299      7.8G   0.01925  0.004955         0   0.02421        37       416    0.9042    0.8252    0.8756     0.449   0.03752   0.01115         0
   235/299      7.8G    0.0197  0.005246         0   0.02494        53       416     0.914    0.8252    0.8804     0.458   0.03765   0.01137         0
   236/299      7.8G   0.01775  0.004708         0   0.02246        31       416    0.8947    0.8252    0.8899    0.4596   0.03671    0.0114         0
   237/299      7.8G    0.0182  0.005039         0   0.02324        26       416    0.8876    0.8447    0.8928    0.4504   0.03721   0.01096         0
   238/299      7.8G   0.01786  0.005322         0   0.02318        33       416    0.8811    0.8638    0.8901    0.4454   0.03685   0.01114         0
   239/299      7.8G   0.01871  0.005264         0   0.02398        24       416    0.8812    0.8638    0.8847    0.4416   0.03721   0.01112         0
   240/299      7.8G   0.01742   0.00519         0   0.02261        24       416    0.9222    0.8058    0.8624    0.4433   0.03774   0.01116         0
   241/299      7.8G   0.01861  0.004666         0   0.02327        31       416    0.9121    0.8058    0.8593    0.4588   0.03812   0.01128         0
   242/299      7.8G   0.01589  0.005074         0   0.02096        41       416    0.8692    0.8641    0.8683    0.4549   0.03794   0.01131         0
   243/299      7.8G   0.01679  0.005231         0   0.02202        22       416     0.913    0.8155    0.8729    0.4522   0.03767    0.0114         0
   244/299      7.8G   0.01721  0.004983         0   0.02219        26       416    0.9222    0.8058    0.8697    0.4515   0.03722   0.01142         0
   245/299      7.8G   0.01754  0.004914         0   0.02245        26       416    0.9222    0.8058    0.8653    0.4674   0.03684   0.01119         0
   246/299      7.8G   0.01737  0.004862         0   0.02223        30       416    0.8686     0.835    0.8522    0.4503   0.03804   0.01087         0
   247/299      7.8G   0.01916  0.005709         0   0.02487        47       416    0.8854     0.825    0.8507    0.4561   0.03744   0.01117         0
   248/299      7.8G   0.01705  0.005127         0   0.02218        25       416    0.9424    0.7961    0.8562    0.4437   0.03842   0.01187         0
   249/299      7.8G   0.01664  0.004817         0   0.02146        26       416     0.906    0.8447    0.8627    0.4447   0.03748   0.01167         0
   250/299      7.8G   0.01689  0.004638         0   0.02152        21       416     0.931    0.7864    0.8673    0.4627   0.03602   0.01122         0
   251/299      7.8G   0.01716  0.004674         0   0.02183        24       416    0.9022    0.8058    0.8673    0.4538   0.03668   0.01135         0
   252/299      7.8G   0.01656  0.005118         0   0.02167        42       416    0.9222    0.8057    0.8695    0.4464   0.03722   0.01155         0
   253/299      7.8G   0.01643  0.004697         0   0.02113        28       416    0.9021    0.8058    0.8542    0.4525   0.03667   0.01142         0
   254/299      7.8G    0.0166  0.005031         0   0.02163        23       416    0.9111    0.7958    0.8395    0.4575   0.03689   0.01159         0
   255/299      7.8G   0.01676  0.004742         0    0.0215        36       416    0.9022    0.8057    0.8432    0.4574     0.037     0.012         0
   256/299      7.8G   0.01592  0.004322         0   0.02024        28       416    0.9237    0.8252    0.8735    0.4508   0.03708   0.01236         0
   257/299      7.8G    0.0156  0.004911         0   0.02051        35       416     0.913    0.8155    0.8541    0.4446   0.03725   0.01238         0
   258/299      7.8G   0.01698  0.004307         0   0.02129        30       416    0.9039    0.8252    0.8608    0.4512   0.03668   0.01245         0
   259/299      7.8G    0.0156  0.004993         0   0.02059        25       416    0.9043    0.8252    0.8658     0.448   0.03671   0.01229         0
   260/299      7.8G   0.01711   0.00566         0   0.02277        32       416    0.8775    0.8349    0.8683    0.4609    0.0364   0.01234         0
   261/299      7.8G   0.01652  0.004429         0   0.02095        25       416    0.8969    0.8445    0.8744    0.4644   0.03642   0.01209         0
   262/299      7.8G   0.01626  0.004213         0   0.02048        22       416    0.8988    0.8641    0.8867     0.468   0.03625   0.01195         0
   263/299      7.8G   0.01651  0.004651         0   0.02116        32       416    0.9158    0.8446    0.8817    0.4681   0.03614     0.012         0
   264/299      7.8G    0.0165  0.004781         0   0.02128        35       416     0.898    0.8544    0.8834    0.4696   0.03636   0.01209         0
   265/299      7.8G   0.01666   0.00513         0   0.02178        35       416    0.8979    0.8544     0.887    0.4593   0.03646   0.01196         0
   266/299      7.8G   0.01612  0.004684         0    0.0208        32       416    0.9042    0.8252    0.8608    0.4626   0.03639   0.01205         0
   267/299      7.8G   0.01437  0.004022         0   0.01839        27       416    0.9139    0.8252    0.8777    0.4583   0.03659   0.01227         0
   268/299      7.8G   0.01591    0.0052         0   0.02111        37       416     0.932    0.8058    0.8795    0.4622   0.03677   0.01188         0
   269/299      7.8G   0.01562  0.004308         0   0.01993        26       416    0.9053    0.8349    0.8807    0.4647   0.03602   0.01173         0
   270/299      7.8G   0.01535   0.00438         0   0.01973        35       416    0.8799    0.8544     0.875     0.468   0.03644   0.01209         0
   271/299      7.8G   0.01783  0.005148         0   0.02298        38       416    0.8782    0.8447    0.8764    0.4681    0.0368   0.01229         0
   272/299      7.8G   0.01618  0.004673         0   0.02086        30       416    0.8687    0.8349     0.864    0.4563   0.03751   0.01217         0
   273/299      7.8G   0.01561  0.004279         0   0.01989        22       416    0.9041    0.8252    0.8702    0.4548   0.03713   0.01241         0
   274/299      7.8G   0.01653  0.004434         0   0.02096        28       416    0.8957     0.835    0.8834    0.4515    0.0369   0.01214         0
   275/299      7.8G   0.01676  0.005102         0   0.02186        27       416    0.8542    0.8544    0.8889      0.47   0.03619   0.01207         0
   276/299      7.8G   0.01619  0.004873         0   0.02107        24       416    0.9231    0.8155    0.8761    0.4721   0.03621   0.01184         0
   277/299      7.8G   0.01466  0.003927         0   0.01859        29       416    0.9032    0.8155    0.8721    0.4749   0.03626   0.01187         0
   278/299      7.8G    0.0157  0.004776         0   0.02048        52       416    0.9032    0.8152    0.8753    0.4679   0.03637   0.01211         0
   279/299      7.8G   0.01631  0.004899         0   0.02121        51       416    0.8885    0.8544    0.8886    0.4636   0.03668   0.01222         0
   280/299      7.8G   0.01544  0.004968         0   0.02041        28       416    0.8958    0.8349    0.8842    0.4729   0.03631   0.01236         0
   281/299      7.8G   0.01489  0.004521         0   0.01941        31       416      0.89    0.8639    0.8964    0.4756   0.03588   0.01247         0
   282/299      7.8G    0.0148  0.004052         0   0.01885        20       416    0.8969    0.8446    0.8944    0.4679   0.03609   0.01247         0
   283/299      7.8G   0.01649  0.005313         0   0.02181        50       416    0.9072    0.8544     0.904    0.4786   0.03574   0.01213         0
   284/299      7.8G   0.01396  0.004025         0   0.01799        18       416    0.8978    0.8544       0.9    0.4749   0.03586    0.0122         0
   285/299      7.8G   0.01499  0.004431         0   0.01943        28       416    0.8979    0.8544    0.8986     0.473   0.03631   0.01228         0
   286/299      7.8G   0.01494  0.005083         0   0.02002        33       416    0.8979    0.8542    0.8991    0.4718   0.03675   0.01228         0
   287/299      7.8G   0.01535  0.004629         0   0.01998        28       416    0.9157    0.8447     0.896    0.4697   0.03691   0.01215         0
   288/299      7.8G   0.01419  0.005115         0    0.0193        36       416    0.9062    0.8446    0.8989     0.472   0.03692   0.01215         0
   289/299      7.8G   0.01491  0.004319         0   0.01923        49       416    0.9331    0.8155    0.8928    0.4737   0.03679   0.01207         0
   290/299      7.8G   0.01415  0.004139         0   0.01829        23       416    0.9333    0.8155    0.8938    0.4697   0.03695   0.01214         0
   291/299      7.8G   0.01575  0.004326         0   0.02008        30       416    0.9432    0.8057     0.895    0.4714   0.03693   0.01222         0
   292/299      7.8G   0.01475  0.004348         0    0.0191        25       416    0.9529    0.7863    0.8911    0.4661   0.03693   0.01246         0
   293/299      7.8G   0.01382  0.004406         0   0.01822        26       416      0.87    0.8445    0.8817    0.4614   0.03673   0.01264         0
   294/299      7.8G   0.01411  0.004239         0   0.01835        39       416    0.8936    0.8155    0.8833    0.4643   0.03644   0.01254         0
   295/299      7.8G   0.01512  0.004988         0   0.02011        37       416    0.8709    0.8544    0.8919    0.4676   0.03633   0.01251         0
   296/299      7.8G   0.01415  0.004096         0   0.01825        32       416    0.8811    0.8641    0.8892    0.4691   0.03663   0.01237         0
   297/299      7.8G   0.01471   0.00464         0   0.01935        33       416    0.8571    0.8735    0.8922    0.4701   0.03659   0.01229         0
   298/299      7.8G   0.01477  0.004616         0   0.01939        32       416    0.9432    0.8057     0.898    0.4747   0.03666   0.01192         0
   299/299      7.8G   0.01386  0.004135         0     0.018        29       416    0.8812    0.8641    0.9017     0.483   0.03664   0.01177         0
