     0/299     1.94G   0.09108   0.01145         0    0.1025        17       416  0.001398    0.1604  0.000371 6.066e-05    0.1156   0.01338         0
     1/299     6.24G   0.08794   0.01046         0    0.0984        28       416  0.001944    0.2736 0.0006413 9.953e-05    0.1103   0.01277         0
     2/299     7.68G   0.08184  0.008877         0   0.09072        27       416  0.004103    0.0566  0.001692 0.0003076    0.1061   0.01264         0
     3/299     7.68G   0.08005  0.008837         0   0.08888        23       416   0.05387  0.009434   0.00208 0.0003966   0.09995   0.01312         0
     4/299     7.68G   0.07565  0.008442         0   0.08409        24       416  0.009245   0.03774  0.002028 0.0003443    0.1005   0.01282         0
     5/299     7.68G   0.07702  0.007966         0   0.08499        30       416   0.01886    0.0245   0.00377 0.0005931    0.1016   0.01152         0
     6/299     7.68G   0.07296  0.007616         0   0.08058        23       416   0.03679   0.03774  0.008871  0.001405    0.1002   0.01175         0
     7/299     7.68G   0.07401  0.007395         0   0.08141        29       416     0.124    0.1226   0.04761   0.01163     0.103   0.01089         0
     8/299     7.68G   0.07374  0.006972         0   0.08072        33       416   0.04311    0.1981   0.01609   0.00299     0.129  0.005568         0
     9/299     7.68G   0.06307  0.006581         0   0.06965        28       416   0.01033  0.009434 0.0001851 5.471e-05    0.1566  0.001845         0
    10/299     7.68G   0.06735  0.006315         0   0.07367        39       416    0.1116   0.09434   0.03418  0.007199    0.1186  0.007801         0
    11/299     7.68G   0.06796  0.005576         0   0.07353        19       416    0.1169    0.1949   0.05248   0.01072    0.1128  0.009044         0
    12/299     7.68G   0.05432  0.006264         0   0.06058        14       416    0.0144  0.008696 0.0002619 7.938e-05    0.1185  0.008628         0
    13/299     7.68G   0.05828  0.006622         0    0.0649        31       416   0.04772  0.009434 0.0005272  0.000119    0.1133  0.009813         0
    14/299     7.68G   0.06594  0.006256         0    0.0722        42       416   0.09346    0.1415   0.02751  0.005414    0.1096   0.00949         0
    15/299     7.68G   0.04495  0.006429         0   0.05137        17       416    0.1391    0.1415   0.03759  0.007751    0.1091  0.009094         0
    16/299      7.7G   0.04893  0.005797         0   0.05472        26       416    0.1406   0.01887  0.003788   0.00165     0.117  0.008239         0
    17/299      7.7G   0.04935  0.005464         0   0.05481        23       416  0.005152  0.009434 0.0001469 2.489e-05    0.1126  0.009576         0
    18/299      7.7G    0.0517  0.005186         0   0.05688        23       416   0.02388  0.009434  0.001221 0.0002591    0.1213  0.008505         0
    19/299      7.7G   0.05113  0.005161         0   0.05629        20       416    0.0309   0.01887  0.002031 0.0003643    0.1249   0.00883         0
    20/299      7.7G    0.0613  0.004863         0   0.06617        22       416   0.05335    0.1038   0.01197  0.002701    0.1151  0.008439         0
    21/299      7.7G   0.05641  0.004791         0    0.0612        33       416  0.003434   0.04717 0.0008281 0.0001437    0.1258  0.006476         0
    22/299      7.7G   0.04939  0.005635         0   0.05502        28       416  0.001459    0.2547 0.0003808 7.327e-05    0.1306  0.009001         0
    23/299      7.7G   0.04834  0.005778         0   0.05411        13       416   0.02288   0.03774  0.003441 0.0007144     0.117  0.009601         0
    24/299      7.7G   0.07245   0.00579         0   0.07824        27       416    0.0383   0.03774  0.002689 0.0004315    0.1088   0.01048         0
    25/299      7.7G   0.06126  0.005116         0   0.06638        40       416   0.00224    0.2075 0.0007692 0.0001393    0.1343   0.07839         0
    26/299      7.7G   0.05931  0.004591         0   0.06391        26       416  0.008251    0.1321  0.003135 0.0006293    0.1236  0.007936         0
    27/299      7.7G   0.06428  0.005204         0   0.06948        30       416  0.007552    0.0566  0.001832 0.0003159    0.1213  0.006853         0
    28/299      7.7G   0.06938  0.004838         0   0.07422        29       416  0.008793  0.009434  0.001174 0.0001841    0.1364  0.004685         0
    29/299      7.7G   0.07302  0.004518         0   0.07754        21       416   0.01813    0.1038  0.005216 0.0008754    0.1422  0.005189         0
    30/299      7.7G   0.05309  0.005142         0   0.05823        28       416   0.01176    0.1981  0.004887 0.0009068    0.1228  0.006548         0
    31/299      7.7G   0.06198  0.005165         0   0.06714        39       416   0.04547    0.1038  0.008016  0.001264    0.1275  0.006021         0
    32/299      7.7G   0.05295  0.004802         0   0.05775        22       416     0.106    0.1132   0.03242  0.006456    0.1232   0.00658         0
    33/299      7.7G    0.0519  0.005745         0   0.05764        32       416    0.1382    0.1132   0.05335   0.01725    0.1161  0.007417         0
    34/299      7.7G    0.0549  0.005876         0   0.06078        45       416   0.06059    0.1604   0.01953  0.004716    0.1154  0.007598         0
    35/299      7.7G   0.05395  0.004789         0   0.05874        29       416    0.1941   0.08491   0.04658   0.01759    0.1129  0.008084         0
    36/299      7.7G   0.06096  0.005478         0   0.06644        50       416    0.2451   0.08491   0.04536  0.008376    0.1085  0.008727         0
    37/299      7.7G   0.06796  0.005765         0   0.07373        23       416   0.09611   0.07547   0.03163  0.009271    0.1061  0.008969         0
    38/299      7.7G    0.0469  0.004895         0   0.05179        33       416    0.1305    0.1321    0.0439   0.01076    0.1148  0.008713         0
    39/299      7.7G   0.05275  0.004549         0   0.05729        34       416   0.02704    0.0283   0.01171  0.002159    0.1164   0.00788         0
    40/299      7.7G   0.05446  0.004512         0   0.05897         7       416   0.05578   0.09434   0.01421  0.003634    0.1117  0.008841         0
    41/299      7.7G   0.05217  0.004938         0    0.0571        25       416   0.06573    0.1509   0.01728  0.003556    0.1161  0.008278         0
    42/299      7.7G   0.05183  0.005543         0   0.05737        43       416   0.04665   0.03774  0.006678  0.001501     0.131  0.005857         0
    43/299      7.7G   0.05626  0.005282         0   0.06154        26       416   0.09376    0.0566   0.02076  0.006584    0.1259   0.00675         0
    44/299      7.7G   0.06164   0.00468         0   0.06632        21       416   0.08395   0.03774  0.009869  0.002358    0.1176     0.009         0
    45/299      7.7G   0.05763  0.005641         0   0.06327        32       416  0.007528   0.08491  0.001446 0.0003472    0.1189   0.01143         0
    46/299      7.7G   0.05956  0.004573         0   0.06414        18       416    0.1321   0.09434   0.01718  0.004653    0.1179   0.00898         0
    47/299      7.7G   0.04701  0.005508         0   0.05252        30       416   0.07356    0.1981   0.02091  0.004761    0.1123  0.008954         0
    48/299      7.7G   0.05157  0.005204         0   0.05677        35       416   0.01924   0.09434  0.004712 0.0006466    0.1122   0.00861         0
    49/299      7.7G   0.05651   0.00469         0    0.0612        23       416   0.06364    0.1693   0.02838  0.005889     0.113  0.008329         0
    50/299      7.7G   0.04587  0.004506         0   0.05037        46       416   0.04963    0.2075   0.02076  0.004302    0.1138  0.008591         0
    51/299      7.7G   0.06044  0.005087         0   0.06553        25       416   0.04488    0.1698   0.01827  0.004033    0.1148  0.007791         0
    52/299      7.7G   0.05042  0.005184         0   0.05561        43       416   0.04316    0.3302   0.02309  0.004355    0.1109  0.008696         0
    53/299      7.7G   0.04987  0.005231         0    0.0551        29       416   0.07394    0.2169   0.03006  0.006409    0.1096  0.008683         0
    54/299      7.7G   0.05017  0.005019         0   0.05519        32       416   0.07948     0.215   0.03509  0.008811    0.1077  0.008823         0
    55/299      7.7G   0.05775  0.004845         0    0.0626        22       416    0.1057    0.1887   0.04324   0.01066     0.113  0.007859         0
    56/299      7.7G    0.0506  0.005375         0   0.05598        39       416    0.1552    0.1415   0.05206   0.01208     0.114  0.007716         0
    57/299      7.7G    0.0634  0.005121         0   0.06852        21       416   0.08099    0.1887   0.02632  0.005725    0.1092  0.008638         0
    58/299      7.7G   0.07024   0.00571         0   0.07595        36       416     0.128    0.2358   0.06405   0.01967    0.1093  0.008699         0
    59/299      7.7G   0.06196  0.005585         0   0.06755        22       416    0.1852    0.1694   0.06354   0.01427    0.1098  0.008565         0
    60/299      7.7G   0.06307  0.004671         0   0.06774        23       416    0.1233    0.1321   0.04882   0.01197     0.112  0.008597         0
    61/299      7.7G   0.05202  0.004394         0   0.05641        25       416    0.1888   0.08491   0.02663  0.004786    0.1154  0.008576         0
    62/299      7.7G   0.05565  0.004759         0   0.06041        17       416    0.1441   0.09434   0.02775  0.004111    0.1199  0.007751         0
    63/299      7.7G   0.04795   0.00444         0   0.05239        29       416    0.1258   0.06604   0.01266  0.003513     0.118   0.00819         0
    64/299      7.7G   0.05522  0.005337         0   0.06056        33       416    0.1299    0.1132   0.01903  0.004572    0.1193  0.007783         0
    65/299      7.7G   0.06325   0.00468         0   0.06793        40       416    0.1453   0.07547   0.02121  0.004547    0.1172  0.008298         0
    66/299      7.7G   0.04585  0.005502         0   0.05135        57       416    0.1654    0.1132    0.0323  0.008233     0.111    0.0092         0
    67/299      7.7G   0.05324  0.005034         0   0.05828        42       416    0.2194   0.09434   0.04746     0.013    0.1077  0.009599         0
    68/299      7.7G   0.04459  0.004648         0   0.04923        27       416    0.2115    0.1415   0.07949   0.02448    0.1064  0.009666         0
    69/299      7.7G   0.05374  0.005159         0    0.0589        35       416   0.04077    0.1981   0.01507  0.003574    0.1079   0.01438         0
    70/299      7.7G   0.06025  0.005267         0   0.06552        23       416   0.07061    0.2264   0.03089  0.008854    0.1097   0.01206         0
    71/299      7.7G   0.07003  0.005181         0   0.07522        33       416    0.0329    0.1415  0.008988   0.00187    0.1138   0.08712         0
    72/299      7.7G   0.04633  0.005026         0   0.05135        39       416   0.02282    0.1887  0.007605  0.001605     0.109    0.1036         0
    73/299      7.7G   0.06027  0.004406         0   0.06467        33       416    0.0239    0.1698  0.008209  0.001761    0.1121   0.01757         0
    74/299      7.7G   0.05749  0.004907         0   0.06239        32       416   0.02667    0.2642    0.0101  0.002542    0.1177   0.01497         0
    75/299      7.7G   0.05711  0.004625         0   0.06174        24       416   0.02743    0.1887  0.007958  0.001574    0.1145   0.01059         0
    76/299      7.7G   0.05615  0.005552         0    0.0617        35       416   0.07804    0.1509    0.0235  0.003876    0.1134   0.00945         0
    77/299      7.7G   0.05912  0.004789         0   0.06391        21       416   0.01094    0.1415  0.002615 0.0003922    0.1177  0.008697         0
    78/299      7.7G   0.06105  0.004997         0   0.06605        39       416    0.1029    0.0566   0.00851  0.001311    0.1152  0.009785         0
    79/299      7.7G   0.05255   0.00565         0    0.0582        37       416    0.0738   0.07547   0.01358  0.001503    0.1061   0.01155         0
    80/299      7.7G   0.05609  0.005239         0   0.06133        44       416    0.1052   0.06604   0.02728  0.005928    0.1084   0.01106         0
    81/299      7.7G   0.05639  0.005426         0   0.06182        33       416    0.1527   0.07547   0.03479  0.007197    0.1057   0.01093         0
    82/299      7.7G   0.04889  0.005176         0   0.05407        24       416    0.3437   0.07547   0.06916   0.02116   0.09862   0.01174         0
    83/299      7.7G   0.04648  0.004843         0   0.05132        35       416    0.4176   0.07547   0.06063   0.01571    0.1009   0.01136         0
    84/299      7.7G   0.04666   0.00562         0   0.05228        22       416    0.2609   0.08491    0.0481   0.01467    0.1022   0.01134         0
    85/299      7.7G   0.04639     0.005         0   0.05139        27       416    0.2958    0.1038   0.05494   0.01457    0.1025   0.01121         0
    86/299      7.7G   0.04889  0.006033         0   0.05492        37       416   0.07832    0.1038   0.03067  0.008556    0.1069   0.01254         0
    87/299      7.7G   0.05784  0.005514         0   0.06335        29       416   0.07328    0.1038   0.02258  0.006332    0.1156   0.03167         0
    88/299      7.7G   0.04812  0.005869         0   0.05399        33       416   0.07075    0.1132   0.01693  0.004671    0.1238   0.08554         0
    89/299      7.7G   0.05962  0.005576         0   0.06519        37       416   0.03093    0.1698  0.008097  0.001789    0.1281    0.1399         0
    90/299      7.7G   0.04824  0.005145         0   0.05339        32       416  0.006102    0.2264  0.001863 0.0004697    0.1224    0.5529         0
    91/299      7.7G   0.04514  0.005278         0   0.05042        25       416  0.005293    0.2925  0.002264 0.0004503    0.1166    0.4142         0
    92/299      7.7G   0.04955  0.006331         0   0.05588        54       416  0.006357    0.4151  0.003233 0.0007582    0.1114    0.1929         0
    93/299      7.7G   0.05709  0.005602         0   0.06269        23       416  0.007743    0.4528  0.004671  0.001076    0.1029   0.05397         0
    94/299      7.7G   0.06083  0.006022         0   0.06686        38       416    0.1218    0.1415   0.04933   0.01666   0.09699    0.0144         0
    95/299      7.7G   0.04662  0.005918         0   0.05254        31       416    0.1569    0.1791   0.07414   0.01847   0.09533   0.01361         0
    96/299      7.7G   0.05768  0.006224         0    0.0639        38       416    0.1681    0.2075   0.09131   0.02623   0.09563   0.01181         0
    97/299      7.7G   0.05368  0.005881         0   0.05956        46       416    0.1734    0.2435   0.09757   0.02558   0.09563   0.01197         0
    98/299      7.7G   0.04638  0.005755         0   0.05214        26       416    0.1765     0.217     0.112   0.02904    0.0886   0.01491         0
    99/299      7.7G   0.05332  0.006458         0   0.05977        24       416    0.2167    0.2264    0.1209   0.03762   0.08877   0.01465         0
   100/299      7.7G   0.04846  0.005889         0   0.05435        37       416   0.09984    0.2453   0.06659   0.01426   0.09947   0.01452         0
   101/299      7.7G   0.04445  0.005903         0   0.05035        32       416   0.02513    0.3208   0.01963   0.00406    0.1065   0.01754         0
   102/299      7.7G   0.04185  0.005395         0   0.04724        37       416    0.0538    0.1132   0.02358  0.005997    0.1059   0.01142         0
   103/299      7.7G   0.04334  0.005449         0   0.04879        41       416    0.2449    0.1408    0.1115   0.03752    0.1091  0.009256         0
   104/299      7.7G    0.0435  0.005369         0   0.04887        31       416    0.1491    0.2075    0.1012   0.03599    0.1092  0.009225         0
   105/299      7.7G   0.05247   0.00558         0   0.05805        45       416    0.2816    0.1792    0.1271   0.04109    0.1101  0.009036         0
   106/299      7.7G   0.04712  0.005268         0   0.05239        20       416    0.1664    0.2429    0.1372   0.04375    0.1106  0.009054         0
   107/299      7.7G    0.0394  0.005045         0   0.04444        32       416    0.2006    0.2736    0.1524   0.04377    0.1111  0.008901         0
   108/299      7.7G   0.04735  0.005367         0   0.05272        35       416    0.1866    0.2925     0.154   0.04105    0.1115  0.008873         0
   109/299      7.7G   0.04478  0.005277         0   0.05006        40       416    0.2388    0.2453    0.1668   0.05128    0.1108  0.008801         0
   110/299      7.7G   0.04502  0.004784         0    0.0498        12       416    0.2261    0.2736    0.1621   0.04942    0.1104  0.008718         0
   111/299      7.7G   0.04605  0.005232         0   0.05128        38       416    0.2197    0.2736    0.1456    0.0466    0.1114   0.00868         0
   112/299      7.7G   0.06039   0.00495         0   0.06534        27       416    0.2215    0.3396    0.1648   0.05416    0.1111  0.008605         0
   113/299      7.7G   0.03848  0.005576         0   0.04406        33       416    0.2009    0.3108    0.1584   0.04585    0.1105  0.008607         0
   114/299      7.7G   0.04417  0.005476         0   0.04965        30       416    0.1648    0.3868    0.1465   0.05068    0.1101  0.008594         0
   115/299      7.7G   0.04414  0.005484         0   0.04962        31       416    0.2085    0.3113    0.1584   0.04529    0.1105  0.008564         0
   116/299      7.7G   0.03956   0.00566         0   0.04522        36       416    0.2093    0.3774    0.1782   0.06161    0.1091   0.00857         0
   117/299      7.7G   0.04071  0.005308         0   0.04601        33       416    0.2904    0.2453    0.1807   0.05493    0.1079   0.00869         0
   118/299      7.7G   0.03736  0.005807         0   0.04316        41       416    0.2211    0.3208    0.1872   0.06016    0.1066  0.008829         0
   119/299      7.7G   0.03612  0.005453         0   0.04158        28       416    0.2245    0.3469     0.192   0.06487    0.1065  0.008834         0
   120/299      7.7G   0.04557  0.004821         0   0.05039        30       416    0.2322    0.3396     0.181   0.06117    0.1066  0.008838         0
   121/299      7.7G    0.0455  0.005491         0     0.051        28       416    0.2669    0.3208    0.1985   0.05279    0.1087  0.008665         0
   122/299      7.7G   0.04168  0.005443         0   0.04712        26       416    0.3713    0.3019    0.2197   0.06479    0.1071  0.008821         0
   123/299      7.7G   0.04146  0.005132         0    0.0466        22       416    0.3043    0.3208    0.1929    0.0669    0.1076  0.008713         0
   124/299      7.7G   0.04572  0.005742         0   0.05146        44       416    0.2702    0.3113    0.1718   0.05536     0.105  0.008955         0
   125/299      7.7G   0.05629  0.005918         0   0.06221        27       416    0.2039    0.2547    0.1189   0.03816    0.1058  0.008771         0
   126/299      7.7G   0.04771   0.00509         0    0.0528        32       416    0.1846    0.2547    0.1141   0.04083     0.106  0.008758         0
   127/299      7.7G   0.03852  0.005205         0   0.04373        37       416    0.1827    0.2925     0.127   0.03967    0.1067  0.008767         0
   128/299      7.7G   0.03789  0.005828         0   0.04372        35       416     0.245    0.2453    0.1352   0.04416    0.1056  0.008908         0
   129/299      7.7G   0.04171  0.005183         0   0.04689        17       416    0.1762    0.3208    0.1284    0.0467    0.1032   0.00923         0
   130/299      7.7G   0.04017  0.005085         0   0.04525        21       416    0.1878    0.2453    0.1304   0.04334    0.1024  0.009345         0
   131/299      7.7G   0.04737  0.005431         0   0.05281        40       416    0.1778    0.3019    0.1429   0.04931    0.1016  0.009542         0
   132/299      7.7G   0.05519  0.006524         0   0.06171        38       416     0.225    0.2358    0.1372   0.05003    0.1007  0.009618         0
   133/299      7.7G    0.0472  0.005736         0   0.05293        19       416    0.2679    0.2358    0.1446   0.04872    0.1011  0.009418         0
   134/299      7.7G   0.04673  0.005567         0   0.05229        43       416    0.2495    0.2453    0.1511   0.05603    0.1019  0.009329         0
   135/299      7.7G   0.04112  0.005302         0   0.04642        29       416    0.2863    0.2536    0.1667   0.06263    0.1022  0.009377         0
   136/299      7.7G   0.04014  0.005294         0   0.04543        14       416    0.2386    0.3491    0.1824   0.06496    0.1012  0.009456         0
   137/299      7.7G   0.04002  0.005499         0   0.04552        21       416    0.2027    0.3585    0.1667    0.0652   0.09984  0.009483         0
   138/299      7.7G   0.03643  0.005967         0    0.0424        49       416    0.2461    0.3396    0.1892   0.07453   0.09907  0.009473         0
   139/299      7.7G   0.03493  0.005941         0   0.04087        37       416    0.2536    0.3019    0.1793   0.07009   0.09904  0.009494         0
   140/299      7.7G   0.03535  0.005556         0    0.0409        23       416    0.2534    0.3396    0.1918   0.07428   0.09885  0.009548         0
   141/299      7.7G   0.04374  0.005684         0   0.04942        29       416    0.2591    0.3266    0.1973    0.0683   0.09857  0.009515         0
   142/299      7.7G   0.04021  0.005639         0   0.04585        39       416     0.285     0.283    0.1925    0.0693    0.1005  0.009292         0
   143/299      7.7G    0.0362  0.005924         0   0.04213        21       416    0.3392    0.2925    0.2035   0.07305   0.09936  0.009383         0
   144/299      7.7G   0.04111  0.005992         0    0.0471        48       416    0.2891    0.3585    0.2119   0.07527   0.09945  0.009316         0
   145/299      7.7G   0.04943  0.006236         0   0.05566        33       416    0.2868    0.3774    0.2249   0.07946   0.09877  0.009283         0
   146/299      7.7G   0.03904  0.005145         0   0.04419        25       416    0.2894    0.4151    0.2505   0.09293   0.09807  0.009259         0
   147/299      7.7G   0.04754  0.005852         0   0.05339        25       416      0.34    0.3962    0.2706   0.09374   0.09835  0.009227         0
   148/299      7.7G   0.04407  0.005704         0   0.04978        32       416    0.3975    0.3486    0.2741   0.08431   0.09833  0.009223         0
   149/299      7.7G   0.03922  0.006005         0   0.04522        42       416    0.3031    0.4226    0.2576   0.09772   0.09812  0.009301         0
   150/299      7.7G   0.03822  0.005278         0   0.04349        27       416    0.2961    0.4151    0.2624   0.08997   0.09749  0.009398         0
   151/299      7.7G   0.05003  0.004874         0    0.0549        30       416    0.3468    0.3456    0.2529   0.09266   0.09693  0.009445         0
   152/299      7.7G   0.04577  0.006281         0   0.05205        42       416    0.3082    0.3585    0.2498   0.09093    0.0967  0.009481         0
   153/299      7.7G   0.03329  0.005901         0    0.0392        26       416    0.3227    0.3208    0.2473   0.09247   0.09707  0.009533         0
   154/299      7.7G   0.04366  0.005651         0   0.04931        25       416    0.3468    0.3019    0.2532   0.09336   0.09837  0.009363         0
   155/299      7.7G   0.04257  0.005592         0   0.04816        25       416    0.3606    0.3302    0.2557    0.1001   0.09797  0.009387         0
   156/299      7.7G   0.04647   0.00562         0   0.05209        34       416    0.3834    0.3285    0.2776    0.1096   0.09725  0.009241         0
   157/299      7.7G   0.03904  0.005183         0   0.04422        20       416    0.4838     0.283    0.2834    0.1247   0.09721  0.009073         0
   158/299      7.7G   0.03749  0.004796         0   0.04228        25       416    0.3245    0.3581    0.2538     0.093   0.09886  0.009016         0
   159/299      7.7G   0.03961  0.005475         0   0.04508        30       416    0.4051     0.283    0.2375    0.1013   0.09946  0.008964         0
   160/299      7.7G   0.03406  0.005751         0   0.03981        17       416    0.3187    0.3019    0.2183   0.08846    0.1005   0.00887         0
   161/299      7.7G   0.04439  0.005416         0   0.04981        15       416    0.3857    0.2642    0.2366    0.1046   0.09928  0.008936         0
   162/299      7.7G   0.04285  0.005549         0    0.0484        33       416    0.3241    0.3585    0.2611    0.1072   0.09832  0.009003         0
   163/299      7.7G   0.04384  0.005647         0   0.04949        28       416    0.3082    0.4035    0.2865    0.1298   0.09715  0.009073         0
   164/299      7.7G   0.04317  0.006064         0   0.04923        30       416     0.376    0.3302     0.298    0.1207   0.09665  0.009265         0
   165/299      7.7G    0.0363  0.005507         0   0.04181        36       416     0.361    0.2825    0.2572    0.1093   0.09686  0.009702         0
   166/299      7.7G   0.03685  0.005572         0   0.04242        33       416    0.3293    0.3011    0.2337   0.09696    0.0973  0.009855         0
   167/299      7.7G   0.03264  0.005347         0   0.03798        17       416     0.343    0.3019    0.2491   0.09717   0.09784    0.0096         0
   168/299      7.7G   0.03792   0.00536         0   0.04328        30       416    0.3364    0.3019    0.2392   0.08821   0.09779  0.009489         0
   169/299      7.7G   0.03429  0.005198         0   0.03949        23       416    0.3161    0.4056    0.2366    0.0908   0.09698  0.009447         0
   170/299      7.7G   0.04173  0.005098         0   0.04683        20       416    0.3749    0.3868    0.2567    0.1037   0.09715  0.009249         0
   171/299      7.7G   0.04324  0.005726         0   0.04897        32       416    0.4991    0.3491    0.2994    0.1246   0.09693  0.009094         0
   172/299      7.7G   0.04241  0.005856         0   0.04827        20       416    0.4744    0.3585    0.3067    0.1269   0.09725   0.00892         0
   173/299      7.7G   0.03831  0.005995         0   0.04431        28       416    0.5248    0.3774    0.3612    0.1347   0.09666   0.00897         0
   174/299      7.7G    0.0387  0.005236         0   0.04394        36       416    0.6245    0.3302    0.3665    0.1452   0.09586  0.008995         0
   175/299      7.7G   0.04228  0.005529         0   0.04781        32       416    0.5594    0.3491    0.3753    0.1436   0.09672  0.008852         0
   176/299      7.7G   0.05257  0.005482         0   0.05805        34       416    0.4321    0.3962    0.3493    0.1349   0.09731  0.008729         0
   177/299      7.7G   0.03528   0.00639         0   0.04167        31       416    0.4608    0.4057    0.3741    0.1491    0.0967  0.008782         0
   178/299      7.7G   0.03783  0.005155         0   0.04298        28       416    0.5506    0.3585    0.4021    0.1597   0.09612  0.008839         0
   179/299      7.7G   0.03766  0.005715         0   0.04337        31       416    0.5502    0.3585    0.3875    0.1562   0.09621  0.008845         0
   180/299      7.7G   0.04181  0.006113         0   0.04792        36       416    0.4994    0.3483    0.3598    0.1352   0.09736  0.008796         0
   181/299      7.7G   0.03654  0.005609         0   0.04215        30       416     0.449    0.3774    0.3365    0.1241   0.09765  0.008847         0
   182/299      7.7G   0.03601  0.006279         0   0.04229        37       416    0.3854    0.4023    0.3229    0.1323   0.09667  0.008989         0
   183/299      7.7G   0.03649  0.005132         0   0.04162        18       416    0.3915    0.4057    0.3262    0.1225   0.09714  0.008972         0
   184/299      7.7G   0.04605  0.005108         0   0.05116        37       416    0.4679    0.3484    0.3088    0.1217    0.0975   0.00894         0
   185/299      7.7G   0.03485  0.005245         0    0.0401        21       416    0.3481     0.434    0.3399    0.1305   0.09628  0.008926         0
   186/299      7.7G   0.03755  0.006111         0   0.04366        57       416    0.4787    0.4332    0.4006    0.1614   0.09554  0.008814         0
   187/299      7.7G   0.04488  0.005458         0   0.05034        26       416    0.4681    0.4434    0.3946    0.1684   0.09571  0.008852         0
   188/299      7.7G   0.03707  0.005491         0   0.04256        24       416    0.5862    0.3475    0.3723    0.1453   0.09594  0.008785         0
   189/299      7.7G   0.03643  0.006228         0   0.04265        25       416     0.467    0.4051    0.3672    0.1516    0.0949  0.008822         0
   190/299      7.7G   0.03565  0.005629         0   0.04128        38       416    0.4798    0.3568    0.3347    0.1533   0.09421  0.008865         0
   191/299      7.7G   0.03544   0.00511         0   0.04055        30       416     0.349    0.4603    0.3353    0.1326    0.0948  0.008784         0
   192/299      7.7G   0.04562  0.005336         0   0.05096        21       416    0.3694    0.4151    0.3327    0.1225   0.09511  0.008667         0
   193/299      7.7G   0.04873  0.006222         0   0.05496        31       416    0.5489    0.3674    0.3494    0.1295   0.09502  0.008669         0
   194/299      7.7G   0.03494  0.005651         0   0.04059        32       416    0.4866    0.3585    0.3503    0.1306   0.09526  0.008555         0
   195/299      7.7G   0.03437  0.005267         0   0.03964        34       416    0.4853    0.3868    0.3987    0.1416    0.0955  0.008525         0
   196/299      7.7G   0.04051  0.005398         0   0.04591        24       416    0.5168    0.3962     0.427    0.1685   0.09532  0.008504         0
   197/299      7.7G   0.03234   0.00605         0   0.03839        34       416    0.5711    0.3679    0.4008    0.1594   0.09557  0.008533         0
   198/299      7.7G   0.03584  0.005806         0   0.04164        25       416    0.4841    0.3962    0.3957    0.1492   0.09522   0.00862         0
   199/299      7.7G   0.03543  0.005462         0    0.0409        43       416    0.5539    0.3865    0.3902    0.1502   0.09532   0.00865         0
   200/299      7.7G   0.03533  0.005876         0   0.04121        29       416    0.5594    0.3491    0.3396    0.1417   0.09602  0.008511         0
   201/299      7.7G   0.03673  0.005926         0   0.04266        27       416    0.5948    0.3585    0.3739     0.157   0.09629  0.008381         0
   202/299      7.7G   0.03921  0.006117         0   0.04532        38       416    0.5408     0.434    0.4293    0.1654    0.0955  0.008475         0
   203/299      7.7G   0.03601  0.005748         0   0.04175        22       416    0.5751    0.4245    0.4292    0.1712   0.09502  0.008509         0
   204/299      7.7G   0.04113  0.005328         0   0.04646        45       416    0.6719    0.3863     0.448    0.1686   0.09563  0.008521         0
   205/299      7.7G   0.03821  0.005739         0   0.04395        40       416    0.4926    0.4057    0.4262    0.1721   0.09626  0.008373         0
   206/299      7.7G   0.03459  0.005488         0   0.04007        31       416    0.4058    0.5566     0.465     0.196   0.09559  0.008384         0
   207/299      7.7G   0.03066  0.005638         0   0.03629        32       416    0.5347    0.4337    0.4485    0.1956   0.09502  0.008369         0
   208/299      7.7G   0.04168  0.005586         0   0.04727        16       416    0.4939    0.4603    0.4234    0.1854   0.09525  0.008395         0
   209/299      7.7G   0.03891  0.004761         0   0.04367        26       416    0.6133    0.3774    0.3665    0.1569   0.09625   0.00857         0
   210/299      7.7G   0.03644  0.005379         0   0.04182        25       416    0.5173    0.3491    0.3258    0.1424   0.09688  0.008684         0
   211/299      7.7G   0.04545  0.006219         0   0.05166        28       416    0.5491    0.3679    0.3467    0.1427   0.09682  0.008642         0
   212/299      7.7G   0.05796  0.005799         0   0.06375        32       416    0.6147    0.4151    0.4028    0.1621   0.09625  0.008517         0
   213/299      7.7G   0.04215  0.006185         0   0.04834        38       416    0.5423    0.4151    0.4129    0.1607   0.09537  0.008501         0
   214/299      7.7G   0.03922  0.006044         0   0.04526        30       416    0.6784    0.3383    0.3996    0.1638   0.09514  0.008508         0
   215/299      7.7G    0.0404  0.005338         0   0.04573        50       416    0.6657    0.3396    0.3952    0.1607    0.0955  0.008456         0
   216/299      7.7G   0.03522  0.005451         0   0.04067        23       416    0.6029    0.3585     0.402    0.1555   0.09537  0.008505         0
   217/299      7.7G   0.03333  0.005534         0   0.03887        40       416    0.5781    0.4057    0.4392    0.1574   0.09515  0.008491         0
   218/299      7.7G   0.03649  0.004798         0   0.04129        28       416    0.6321    0.4052    0.4195    0.1587   0.09505   0.00856         0
   219/299      7.7G   0.04016  0.005528         0   0.04569        26       416    0.6282    0.3868    0.4235    0.1631   0.09538  0.008629         0
   220/299      7.7G    0.0343  0.005188         0   0.03949        28       416    0.7899    0.3585    0.4523    0.1824   0.09539  0.008498         0
   221/299      7.7G    0.0295  0.005365         0   0.03487        26       416    0.5351    0.4623    0.4552    0.1845   0.09454  0.008642         0
   222/299      7.7G   0.03113  0.005938         0   0.03707        25       416    0.5939    0.3863    0.4131    0.1772   0.09447   0.00857         0
   223/299      7.7G   0.03037  0.005602         0   0.03597        29       416    0.7234    0.3962    0.4549    0.1837   0.09463  0.008506         0
   224/299      7.7G   0.03011  0.005234         0   0.03535        29       416    0.6656    0.4151    0.4556    0.1744   0.09555  0.008424         0
   225/299      7.7G   0.04464  0.005825         0   0.05046        36       416    0.6768    0.4151    0.4965    0.1948   0.09548   0.00842         0
   226/299      7.7G   0.02954   0.00519         0   0.03473        17       416    0.7424    0.3585    0.4427    0.1897   0.09585  0.008366         0
   227/299      7.7G   0.04502  0.005689         0   0.05071        46       416     0.544    0.4528    0.4756    0.1897   0.09576   0.00835         0
   228/299      7.7G   0.03973   0.00588         0   0.04561        22       416    0.6499    0.3853     0.443    0.1881    0.0955  0.008315         0
   229/299      7.7G   0.02993  0.006161         0   0.03609        45       416    0.5651    0.3868    0.4242    0.1778   0.09565  0.008254         0
   230/299      7.7G   0.03555  0.005618         0   0.04117        24       416    0.4266    0.4422    0.4097    0.1607   0.09589   0.00828         0
   231/299      7.7G   0.03524  0.005511         0   0.04075        25       416    0.4803    0.4621    0.4252    0.1717    0.0955  0.008299         0
   232/299      7.7G   0.03088  0.005246         0   0.03612        22       416    0.5051    0.4333    0.4122    0.1578   0.09653  0.008289         0
   233/299      7.7G   0.03912  0.005198         0   0.04432        15       416    0.7709    0.3208    0.4057    0.1636    0.0966   0.00829         0
   234/299      7.7G   0.02823  0.004966         0    0.0332        46       416    0.5906    0.4528     0.431    0.1866   0.09573  0.008136         0
   235/299      7.7G   0.04481  0.005343         0   0.05016        43       416    0.6318    0.4245    0.4419    0.1775   0.09525  0.008185         0
   236/299      7.7G   0.02897  0.005184         0   0.03416        38       416    0.5578    0.4528    0.4468    0.1764   0.09537  0.008308         0
   237/299      7.7G   0.03431  0.005901         0   0.04022        34       416    0.5903    0.4623    0.4849    0.1996   0.09504  0.008159         0
   238/299      7.7G    0.0393  0.005558         0   0.04486        34       416    0.5606     0.434    0.4563    0.1992   0.09533  0.008276         0
   239/299      7.7G   0.03412  0.005539         0   0.03966        31       416    0.5571     0.451    0.4515    0.1914   0.09537  0.008299         0
   240/299      7.7G   0.03071   0.00564         0   0.03635        38       416    0.7105    0.3472    0.4443    0.1993   0.09492  0.008203         0
   241/299      7.7G    0.0354  0.004802         0    0.0402        21       416    0.6468    0.4147    0.4729    0.1908   0.09501  0.008083         0
   242/299      7.7G   0.03434  0.005526         0   0.03987        28       416    0.6327    0.4906    0.5146    0.1863   0.09515  0.007989         0
   243/299      7.7G   0.03831  0.005305         0   0.04361        23       416    0.5408    0.4999    0.4804    0.1918   0.09575  0.007981         0
   244/299      7.7G   0.03346  0.005105         0   0.03857        40       416     0.533    0.5275    0.4877    0.1927   0.09547  0.007945         0
   245/299      7.7G   0.03563  0.005546         0   0.04118        27       416    0.6326    0.4717    0.4904    0.1796   0.09549  0.007844         0
   246/299      7.7G   0.03084  0.005178         0   0.03602        26       416    0.5979    0.4151    0.4387    0.1682   0.09713  0.007745         0
   247/299      7.7G   0.03965  0.005711         0   0.04536        37       416    0.5839    0.4237    0.4569    0.1736   0.09652  0.008076         0
   248/299      7.7G   0.03554  0.005481         0   0.04102        21       416    0.5827    0.4216    0.4594    0.1656   0.09662  0.008573         0
   249/299      7.7G    0.0348  0.005172         0   0.03997        21       416    0.5777     0.413    0.4385    0.1756   0.09615  0.008468         0
   250/299      7.7G   0.03343   0.00575         0   0.03918        28       416    0.5796    0.4422    0.4514     0.189   0.09542  0.008235         0
   251/299      7.7G   0.03006  0.005031         0   0.03509        17       416    0.5448    0.4516    0.4412    0.1775   0.09546  0.008146         0
   252/299      7.7G   0.02846  0.005246         0   0.03371        44       416    0.4595    0.4811    0.4351    0.1621   0.09493  0.008201         0
   253/299      7.7G   0.03857  0.005598         0   0.04416        29       416     0.384    0.4623    0.3967     0.152   0.09437   0.00831         0
   254/299      7.7G   0.02837  0.005229         0    0.0336        29       416    0.4936    0.4138    0.4136    0.1636   0.09448  0.008226         0
   255/299      7.7G   0.03407  0.005172         0   0.03924        36       416    0.7499    0.3678    0.4427    0.1691    0.0949  0.008254         0
   256/299      7.7G   0.03494  0.005442         0   0.04038        41       416    0.6241    0.3962    0.4285    0.1712   0.09454  0.008358         0
   257/299      7.7G   0.03764   0.00587         0   0.04351        24       416    0.4751    0.4697    0.4291    0.1735   0.09424  0.008274         0
   258/299      7.7G   0.03005  0.005595         0   0.03564        24       416    0.5212    0.4622    0.4702    0.1823   0.09386  0.008227         0
   259/299      7.7G   0.02999  0.006277         0   0.03627        29       416     0.534    0.5094    0.4879    0.1841    0.0942  0.008078         0
   260/299      7.7G   0.02933  0.006285         0   0.03562        20       416    0.5287    0.5472    0.4928    0.1877   0.09459  0.007953         0
   261/299      7.7G   0.03914  0.005102         0   0.04425        28       416    0.5616    0.5472    0.4924    0.1749   0.09465  0.008003         0
   262/299      7.7G   0.02796  0.005604         0   0.03356        39       416     0.671    0.4618    0.5141    0.1932   0.09409  0.008105         0
   263/299      7.7G   0.02951  0.005996         0   0.03551        39       416    0.6067    0.4803     0.503    0.1971   0.09474  0.007983         0
   264/299      7.7G   0.03277  0.005045         0   0.03781        30       416    0.5661    0.4811    0.4747    0.1898   0.09554   0.00789         0
   265/299      7.7G   0.02916  0.005572         0   0.03473        46       416    0.5151    0.4611    0.4383    0.1904   0.09494  0.007953         0
   266/299      7.7G   0.03401  0.005369         0   0.03938        23       416    0.5912    0.4811    0.4614       0.2   0.09375  0.008042         0
   267/299      7.7G   0.03449  0.005228         0   0.03972        37       416    0.6454       0.5    0.4912    0.1967   0.09377  0.008098         0
   268/299      7.7G   0.03338  0.005768         0   0.03915        32       416    0.5616    0.5075    0.4939    0.2044    0.0938  0.008054         0
   269/299      7.7G   0.03875  0.004897         0   0.04364        24       416     0.525    0.5283    0.5033    0.2078    0.0942  0.007961         0
   270/299      7.7G   0.03366  0.004837         0    0.0385        28       416    0.6172    0.4717    0.4875    0.1864    0.0947  0.007965         0
   271/299      7.7G   0.02813  0.006085         0   0.03421        41       416    0.6567     0.434    0.4853    0.1967    0.0947  0.007911         0
   272/299      7.7G   0.04271  0.005542         0   0.04825        48       416    0.6302     0.434    0.4698    0.2071   0.09487  0.007837         0
   273/299      7.7G   0.03738  0.005992         0   0.04338        29       416    0.6437    0.4432    0.4899    0.2105   0.09405  0.007823         0
   274/299      7.7G   0.03415  0.005309         0   0.03945        28       416    0.4994    0.5283    0.5032    0.2092    0.0938  0.007825         0
   275/299      7.7G   0.03818  0.005403         0   0.04358        25       416    0.5565     0.509    0.5122    0.2035   0.09372  0.007857         0
   276/299      7.7G   0.03359  0.005431         0   0.03902        28       416    0.4853    0.5094    0.4735    0.2036   0.09385  0.007878         0
   277/299      7.7G   0.02775  0.006001         0   0.03375        24       416     0.449    0.5566    0.4509    0.1941    0.0945  0.007873         0
   278/299      7.7G   0.02735  0.005694         0   0.03305        35       416    0.5356    0.4057    0.4377    0.1901   0.09509  0.007998         0
   279/299      7.7G    0.0345  0.005943         0   0.04044        44       416    0.4746    0.4431    0.4237    0.1841    0.0948  0.007932         0
   280/299      7.7G   0.03302  0.005809         0   0.03883        38       416    0.6022    0.4151    0.4556    0.1896   0.09502    0.0079         0
   281/299      7.7G   0.03242   0.00489         0   0.03731        37       416    0.5992    0.4811    0.4783    0.1912    0.0949  0.007867         0
   282/299      7.7G   0.03362  0.005165         0   0.03878        27       416    0.5821    0.5566    0.5135    0.1939   0.09485  0.007822         0
   283/299      7.7G   0.03303  0.005854         0   0.03888        42       416    0.5586    0.5755    0.5263       0.2    0.0944  0.007807         0
   284/299      7.7G   0.03247  0.005345         0   0.03782        22       416    0.7064       0.5    0.5522    0.2091   0.09431   0.00775         0
   285/299      7.7G   0.03348  0.005441         0   0.03892        49       416    0.6517    0.4811    0.5052    0.1998   0.09473  0.007747         0
   286/299      7.7G   0.02933  0.005156         0   0.03449        19       416    0.6465    0.5175    0.5468    0.2023   0.09434  0.007831         0
   287/299      7.7G   0.03445  0.005276         0   0.03973        13       416    0.5607    0.5179    0.5088    0.2001   0.09452  0.007867         0
   288/299      7.7G   0.03773  0.006348         0   0.04408        40       416    0.5618       0.5    0.4998    0.2059   0.09483  0.007866         0
   289/299      7.7G   0.03665  0.005525         0   0.04217        42       416      0.55    0.5189    0.5114    0.2059   0.09431  0.007887         0
   290/299      7.7G   0.03156  0.004892         0   0.03645        22       416    0.6992    0.4623    0.5366    0.2118   0.09427  0.007821         0
   291/299      7.7G   0.03696  0.005816         0   0.04278        33       416    0.6323    0.4906     0.517    0.2188   0.09407  0.007762         0
   292/299      7.7G   0.02703  0.005375         0   0.03241        21       416    0.6398    0.4524    0.5003    0.2196    0.0939  0.007749         0
   293/299      7.7G   0.03747  0.005453         0   0.04293        25       416    0.6361    0.4618    0.5187    0.2082   0.09398  0.007808         0
   294/299      7.7G   0.03208  0.005098         0   0.03717        37       416    0.6028    0.5189    0.5355    0.1956   0.09396  0.007772         0
   295/299      7.7G   0.03203   0.00522         0   0.03725        17       416    0.6487    0.4906    0.5291    0.1926   0.09396  0.007755         0
   296/299      7.7G   0.04301  0.005177         0   0.04818        40       416    0.6283       0.5    0.5336    0.2012    0.0939  0.007723         0
   297/299      7.7G   0.03771  0.005119         0   0.04283        27       416    0.5385    0.5283    0.5053    0.1939   0.09424  0.007738         0
   298/299      7.7G   0.03669  0.005211         0    0.0419        29       416     0.539    0.5074    0.5029    0.1899   0.09444  0.007704         0
   299/299      7.7G   0.03353  0.005447         0   0.03897        25       416     0.542    0.4811    0.4722    0.1825   0.09449  0.007679         0
