     0/299     1.59G    0.1076   0.01707         0    0.1247        17       416  0.001785    0.1792 0.0005502  7.64e-05    0.1054   0.01599         0
     1/299     6.33G    0.1038   0.01757         0    0.1214        28       416  0.002697    0.1887 0.0009731 0.0001568   0.09906   0.01416         0
     2/299     7.77G   0.09718   0.01584         0     0.113        27       416   0.01048   0.08982  0.003407 0.0004613   0.09656   0.01345         0
     3/299     7.77G   0.09522     0.017         0    0.1122        23       416   0.06994   0.03774   0.01222  0.001956   0.08883   0.01418         0
     4/299     7.77G   0.08858   0.01679         0    0.1054        24       416   0.02077    0.1038  0.007785  0.001582   0.08668   0.01397         0
     5/299     7.77G    0.0842   0.01787         0    0.1021        30       416    0.1958    0.1981    0.0989   0.02052   0.08029   0.01439         0
     6/299     7.77G    0.0775   0.01762         0   0.09512        23       416    0.1728    0.3647    0.1234   0.02463   0.07734   0.01415         0
     7/299     7.77G   0.07482   0.01718         0     0.092        29       416    0.3353    0.3585    0.2217   0.04306   0.07041   0.01388         0
     8/299     7.77G   0.07069   0.01623         0   0.08692        33       416    0.3928    0.3113    0.2698   0.06744   0.06848   0.01326         0
     9/299     7.77G   0.07019   0.01543         0   0.08562        28       416    0.3924    0.2437    0.2013    0.0455   0.07518   0.01544         0
    10/299     7.77G   0.07223   0.01412         0   0.08635        39       416     0.365    0.4151    0.2821   0.06832   0.06493    0.0147         0
    11/299     7.77G   0.06479   0.01273         0   0.07752        19       416    0.3645    0.4623    0.3147   0.06058    0.0678   0.01248         0
    12/299     7.77G   0.06345   0.01266         0   0.07612        14       416    0.4236     0.423    0.3494   0.07702   0.06968   0.01149         0
    13/299     7.77G   0.06299    0.0137         0   0.07668        31       416    0.5559    0.5472     0.482      0.14   0.06244   0.01104         0
    14/299     7.77G   0.06491   0.01368         0   0.07859        42       416    0.5821       0.5    0.4275    0.1059   0.06543    0.0108         0
    15/299     7.77G   0.07152   0.01167         0   0.08318        17       416    0.2794    0.5561    0.2315   0.06201   0.07281   0.01025         0
    16/299     7.78G   0.06726   0.01269         0   0.07995        26       416    0.7352    0.6038    0.6704    0.2288   0.06059   0.01101         0
    17/299     7.78G   0.06586   0.01231         0   0.07817        23       416    0.2477    0.4434    0.2329   0.04391   0.07623  0.009818         0
    18/299     7.78G   0.06542   0.01228         0    0.0777        23       416    0.4845    0.4877    0.4297    0.1267   0.06122   0.01044         0
    19/299     7.78G   0.06035   0.01199         0   0.07234        20       416     0.538    0.5933    0.4972    0.1173   0.06409   0.01049         0
    20/299     7.78G   0.06162   0.01111         0   0.07272        22       416    0.5394    0.5755    0.4939    0.1344   0.06258   0.01041         0
    21/299     7.78G   0.05954   0.01168         0   0.07122        33       416    0.6938    0.5849    0.6115    0.1883   0.06073   0.01003         0
    22/299     7.78G   0.06351   0.01175         0   0.07527        28       416      0.58    0.6415    0.5717    0.1541   0.06048   0.01057         0
    23/299     7.78G   0.05827   0.01162         0   0.06988        13       416    0.5757    0.6038    0.5365    0.2009   0.05417   0.01093         0
    24/299     7.78G   0.05721   0.01152         0   0.06873        27       416    0.5713    0.6789    0.5572    0.1779   0.05771   0.01001         0
    25/299     7.78G   0.06084   0.01185         0   0.07268        40       416    0.6526    0.6026    0.5943    0.1636    0.0587   0.01035         0
    26/299     7.78G   0.05434   0.01077         0   0.06511        26       416    0.5513    0.6981    0.6195    0.2243   0.05401   0.01107         0
    27/299     7.78G   0.06119   0.01094         0   0.07213        30       416    0.5588    0.6692    0.5998     0.249   0.05649   0.01165         0
    28/299     7.78G   0.05822   0.01071         0   0.06893        29       416    0.5397    0.6226    0.5297     0.164   0.05524   0.01069         0
    29/299     7.78G   0.05349   0.01048         0   0.06397        21       416    0.6061    0.7264    0.6918    0.2599    0.0515   0.01034         0
    30/299     7.78G   0.05495   0.01045         0    0.0654        28       416    0.8211    0.6604    0.7108    0.2926   0.05357   0.01029         0
    31/299     7.78G   0.05853    0.0108         0   0.06933        39       416    0.6923    0.5943     0.619    0.1782   0.05957   0.01004         0
    32/299     7.78G   0.05038  0.009833         0   0.06021        22       416    0.6809    0.7045    0.6679    0.2734   0.04988   0.01011         0
    33/299     7.78G   0.05207   0.01118         0   0.06325        32       416    0.7608      0.63     0.696    0.3068   0.04801   0.01045         0
    34/299     7.78G   0.05525   0.01152         0   0.06678        45       416    0.7086    0.6698    0.6417    0.2153    0.0536  0.009991         0
    35/299     7.78G   0.05014   0.01044         0   0.06059        29       416    0.7215    0.6604    0.6952    0.2826   0.04896   0.01015         0
    36/299     7.78G   0.05576   0.01006         0   0.06582        50       416     0.762    0.6981    0.7506     0.266   0.05301  0.009766         0
    37/299     7.78G   0.05278   0.01094         0   0.06371        23       416    0.7149    0.7358    0.7277    0.3113   0.04885  0.009839         0
    38/299     7.78G   0.04924  0.009921         0   0.05916        33       416    0.8108    0.8113    0.8082    0.3301   0.04671  0.009372         0
    39/299     7.78G   0.04738  0.009652         0   0.05703        34       416    0.8355    0.6792    0.8021    0.3207   0.04883  0.009548         0
    40/299     7.78G   0.05031  0.008633         0   0.05894         7       416    0.6628    0.5748    0.6189    0.2389   0.05467   0.01097         0
    41/299     7.78G    0.0499  0.008839         0   0.05874        25       416    0.7439    0.6038    0.6623    0.2695   0.05409    0.0101         0
    42/299     7.78G   0.04702   0.01028         0    0.0573        43       416    0.7922    0.6116    0.6849    0.2738   0.05276    0.0108         0
    43/299     7.78G   0.04969  0.009919         0   0.05961        26       416    0.7701    0.6319    0.7158    0.2986   0.04977      0.01         0
    44/299     7.78G   0.04496  0.009457         0   0.05441        21       416    0.8971    0.5755    0.7037    0.3136   0.04766  0.009862         0
    45/299     7.78G   0.04625   0.01106         0   0.05731        32       416    0.5483    0.5841    0.5055    0.1678    0.0568   0.01567         0
    46/299     7.78G   0.05267  0.009797         0   0.06246        18       416    0.7551    0.5849    0.6392    0.2214   0.05995   0.01026         0
    47/299     7.78G   0.05512  0.009543         0   0.06466        30       416    0.6537    0.6591    0.6262    0.2543   0.05412   0.01129         0
    48/299     7.78G   0.05355  0.009798         0   0.06335        35       416    0.5728    0.4811    0.4633    0.1438   0.05602   0.01288         0
    49/299     7.78G   0.05085   0.00908         0   0.05993        23       416    0.8122    0.6121     0.691     0.254   0.05554   0.01006         0
    50/299     7.78G   0.04548  0.008897         0   0.05438        46       416    0.8485    0.6887    0.7323    0.2733   0.05179  0.009057         0
    51/299     7.78G   0.04709  0.008997         0   0.05609        25       416    0.7439    0.5754      0.62    0.2033   0.06125  0.009558         0
    52/299     7.78G    0.0507  0.009486         0   0.06018        43       416    0.7058    0.6791    0.6999    0.3028   0.04974  0.009978         0
    53/299     7.78G   0.04853  0.009256         0   0.05778        29       416     0.683    0.6509    0.6811      0.28   0.04965    0.0103         0
    54/299     7.78G   0.04541  0.009046         0   0.05445        32       416    0.8056     0.783    0.7844    0.3113   0.05037  0.009125         0
    55/299     7.78G    0.0511  0.008493         0    0.0596        22       416    0.8104    0.7258    0.7146    0.2935   0.05241  0.009528         0
    56/299     7.78G   0.04588   0.01011         0   0.05599        39       416    0.7096    0.6225    0.6663     0.257   0.05375  0.009535         0
    57/299     7.78G   0.04407  0.009553         0   0.05363        21       416    0.7977    0.6696    0.7151    0.2807      0.05   0.01031         0
    58/299     7.78G   0.04437   0.01013         0    0.0545        36       416    0.8011    0.6887     0.753    0.3318   0.04771  0.009171         0
    59/299     7.78G   0.04834   0.01011         0   0.05844        22       416    0.7663    0.6509    0.7153    0.2162   0.05326   0.00917         0
    60/299     7.78G   0.05136  0.008292         0   0.05965        23       416     0.914    0.6038    0.7588    0.2912   0.05099  0.009187         0
    61/299     7.78G   0.04184   0.00786         0    0.0497        25       416     0.875    0.6603    0.7666    0.3111   0.04901  0.009632         0
    62/299     7.78G   0.04396  0.008457         0   0.05242        17       416    0.7299    0.6887    0.7301    0.2583   0.05381   0.01022         0
    63/299     7.78G   0.04342  0.008744         0   0.05217        29       416    0.9291    0.6226    0.7572     0.336   0.04717  0.009986         0
    64/299     7.78G   0.04125   0.00939         0   0.05064        33       416    0.8389    0.6878    0.7642    0.3348   0.04756  0.009215         0
    65/299     7.78G   0.04143  0.008001         0   0.04943        40       416    0.7708    0.6981    0.7445    0.2829   0.05157  0.009041         0
    66/299     7.78G   0.04294   0.01004         0   0.05298        57       416    0.7857    0.7263    0.7793    0.3736   0.04485  0.009151         0
    67/299     7.78G   0.03922  0.009083         0    0.0483        42       416    0.7372    0.6887    0.7015    0.3689   0.04762   0.01072         0
    68/299     7.78G   0.03808  0.007856         0   0.04593        27       416    0.6652    0.6415    0.6309    0.2887   0.05479   0.01254         0
    69/299     7.78G   0.03954  0.008929         0   0.04847        35       416    0.8636    0.7167    0.7715     0.352   0.04677   0.01004         0
    70/299     7.78G   0.03878  0.009034         0   0.04781        23       416    0.7897    0.7453    0.7802    0.3683   0.04656  0.009603         0
    71/299     7.78G   0.04076  0.008665         0   0.04942        33       416    0.8862    0.7358    0.8379    0.3814   0.04537  0.008861         0
    72/299     7.78G   0.04151  0.008108         0   0.04962        39       416    0.7562    0.6226     0.679    0.2851   0.04924   0.01125         0
    73/299     7.78G    0.0353  0.007607         0    0.0429        33       416       0.8    0.6037     0.685    0.3116   0.04938   0.01011         0
    74/299     7.78G   0.03806  0.008378         0   0.04644        32       416     0.935    0.6792    0.8075    0.3774   0.04702   0.01055         0
    75/299     7.78G   0.03799  0.008088         0   0.04608        24       416    0.8019    0.8019    0.8186    0.4044   0.04596  0.009757         0
    76/299     7.78G   0.03867  0.009104         0   0.04777        35       416    0.8888    0.6038     0.748    0.3133   0.05265  0.009998         0
    77/299     7.78G   0.03973  0.008482         0   0.04821        21       416    0.7813    0.6226    0.6936    0.2947   0.05371  0.009961         0
    78/299     7.79G   0.04246  0.008126         0   0.05059        39       416    0.7332     0.726    0.7289    0.2824   0.05267   0.01134         0
    79/299     7.79G   0.04414  0.009784         0   0.05392        37       416    0.8571     0.679    0.7556    0.3254   0.04849   0.01111         0
    80/299     7.79G   0.04208  0.008144         0   0.05022        44       416    0.6084       0.5    0.4852    0.1792   0.06104   0.01352         0
    81/299     7.79G    0.0421  0.009662         0   0.05176        33       416    0.8068    0.6697    0.7297    0.3258   0.04958   0.01093         0
    82/299     7.79G   0.03842  0.007924         0   0.04634        24       416    0.9178    0.6318     0.768    0.3807   0.04806  0.009737         0
    83/299     7.79G   0.03688  0.007847         0   0.04472        35       416    0.8874    0.6698    0.7293    0.3479   0.05019   0.01059         0
    84/299     7.79G   0.03554  0.008945         0   0.04448        22       416    0.8658    0.6698    0.7375    0.3213    0.0527   0.00995         0
    85/299     7.79G   0.03731  0.008144         0   0.04546        27       416    0.7691    0.6321    0.6558    0.2884   0.05115   0.01126         0
    86/299     7.79G   0.03544  0.009169         0   0.04461        37       416    0.7713    0.7642    0.7583    0.3012   0.04878  0.009932         0
    87/299     7.79G   0.04435  0.008259         0   0.05261        29       416    0.7862    0.6604    0.7198     0.277   0.04973   0.01131         0
    88/299     7.79G   0.03978  0.009039         0   0.04882        33       416    0.8913    0.6226    0.7323    0.3249   0.04978   0.01118         0
    89/299     7.79G   0.03578  0.008553         0   0.04433        37       416    0.8413    0.6509    0.7019     0.297   0.05002   0.01286         0
    90/299     7.79G   0.03617  0.008427         0   0.04459        32       416    0.7881    0.6315    0.7072    0.3123     0.048   0.01299         0
    91/299     7.79G   0.03872  0.008085         0    0.0468        25       416    0.8341    0.6698    0.7733    0.3539    0.0462   0.01136         0
    92/299     7.79G   0.03819  0.009188         0   0.04738        54       416    0.8888    0.6792    0.8082    0.3519   0.04545   0.01165         0
    93/299     7.79G   0.03447  0.007826         0   0.04229        23       416    0.7663     0.717    0.7432    0.3217   0.04835   0.01135         0
    94/299     7.79G   0.03522  0.008598         0   0.04381        38       416    0.9304    0.6509    0.7725    0.3426   0.04679   0.01057         0
    95/299     7.79G   0.03429  0.008242         0   0.04254        31       416    0.8778    0.7451    0.8258    0.3833   0.04441   0.01008         0
    96/299     7.79G   0.03458  0.009529         0    0.0441        38       416     0.925    0.6981    0.8046    0.3565   0.04574   0.01016         0
    97/299     7.79G   0.03429  0.008449         0   0.04274        46       416     0.878    0.6792     0.764    0.3441   0.04638   0.01117         0
    98/299     7.79G    0.0324  0.008025         0   0.04042        26       416    0.9065    0.6415    0.7924    0.3668   0.04469   0.01112         0
    99/299     7.79G   0.03614  0.008471         0   0.04461        24       416    0.7867    0.6959     0.763    0.3525   0.04637   0.01219         0
   100/299     7.79G    0.0358  0.008341         0   0.04414        37       416    0.8479    0.6321    0.7108    0.3433   0.04786   0.01221         0
   101/299     7.79G   0.03425  0.008295         0   0.04255        32       416    0.8536    0.6599    0.7023    0.3309   0.04736   0.01367         0
   102/299     7.79G   0.03517  0.007823         0   0.04299        37       416    0.9434    0.6321    0.7872     0.369   0.04535   0.01231         0
   103/299     7.79G   0.03785  0.008461         0   0.04631        41       416    0.8933     0.632      0.71    0.3375   0.04789   0.01118         0
   104/299     7.79G   0.03698  0.008212         0   0.04519        31       416    0.8682    0.6226    0.6883    0.3005   0.05053   0.01175         0
   105/299     7.79G   0.03303  0.008215         0   0.04124        45       416     0.869    0.6886    0.7219     0.353   0.04916  0.009926         0
   106/299     7.79G   0.03353  0.008146         0   0.04168        20       416    0.8077    0.7925    0.7691    0.3522   0.04774  0.009571         0
   107/299     7.79G   0.03463  0.007824         0   0.04246        32       416    0.8118    0.7734    0.7544    0.3539   0.04652   0.01018         0
   108/299     7.79G   0.03246  0.009025         0   0.04148        35       416     0.875    0.7924    0.8226    0.3928   0.04333  0.009995         0
   109/299     7.79G   0.03138  0.008023         0    0.0394        40       416    0.8645     0.783    0.8085    0.3822   0.04427   0.01004         0
   110/299     7.79G   0.03306  0.007252         0   0.04031        12       416    0.8876    0.7452    0.8111    0.3462   0.04687   0.01157         0
   111/299     7.79G   0.03344  0.007636         0   0.04108        38       416     0.909    0.7543    0.7993    0.3921   0.04379   0.01015         0
   112/299     7.79G   0.03237  0.007147         0   0.03952        27       416    0.8316    0.7919    0.8231    0.4262   0.04362  0.009646         0
   113/299     7.79G   0.03335  0.008113         0   0.04147        33       416    0.8235    0.6602    0.7569     0.366   0.04891    0.0105         0
   114/299     7.79G   0.03248  0.008312         0   0.04079        30       416    0.8433    0.6604    0.7454    0.3769   0.04664   0.01033         0
   115/299     7.79G   0.03121  0.008164         0   0.03937        31       416     0.828    0.7736    0.8131    0.3769   0.04604   0.01087         0
   116/299     7.79G   0.03035  0.008102         0   0.03845        36       416     0.886    0.6602    0.7793    0.3693   0.04734   0.01083         0
   117/299     7.79G    0.0305  0.006989         0   0.03749        33       416    0.8642    0.6602    0.7724    0.3883    0.0464    0.0109         0
   118/299     7.79G   0.02822   0.00744         0   0.03566        41       416    0.7452     0.745    0.7343    0.3528   0.04887     0.012         0
   119/299     7.79G   0.03357  0.007514         0   0.04108        28       416    0.8076    0.7547    0.7783    0.3968   0.04309   0.01272         0
   120/299     7.79G    0.0304  0.006683         0   0.03708        30       416      0.83     0.783    0.8183    0.3973    0.0431   0.01181         0
   121/299     7.79G   0.03098  0.007219         0    0.0382        28       416    0.8791    0.7547     0.821    0.4259   0.04264   0.01164         0
   122/299     7.79G   0.02864  0.007027         0   0.03567        26       416    0.8764    0.7356    0.7572    0.4043   0.04392   0.01245         0
   123/299     7.79G   0.02663  0.006418         0   0.03305        22       416    0.8651    0.7264    0.7714    0.3997   0.04447   0.01247         0
   124/299     7.79G   0.02997  0.007551         0   0.03752        44       416    0.8407    0.6968    0.7684    0.3597   0.04877   0.01115         0
   125/299     7.79G   0.02818  0.007464         0   0.03564        27       416    0.7697    0.6321      0.67    0.3271   0.05059   0.01074         0
   126/299     7.79G   0.03064  0.006588         0   0.03723        32       416    0.8695    0.7546    0.8192    0.4099   0.04344  0.009866         0
   127/299     7.79G    0.0328  0.007109         0   0.03991        37       416    0.9239    0.6887    0.7969    0.4046   0.04249   0.01112         0
   128/299     7.79G   0.03655  0.008249         0    0.0448        35       416    0.9091    0.7545    0.7955    0.3976   0.04227   0.01169         0
   129/299     7.79G   0.03024  0.006631         0   0.03687        17       416    0.8537     0.717    0.7823    0.3797   0.04412   0.01209         0
   130/299     7.79G   0.02799  0.006232         0   0.03422        21       416    0.8615    0.7631    0.8034    0.4258    0.0426   0.01252         0
   131/299     7.79G   0.02859  0.006722         0   0.03531        40       416    0.8924     0.783    0.8449    0.4391   0.04238    0.0113         0
   132/299     7.79G   0.03229   0.00818         0   0.04047        38       416    0.8542    0.7736    0.8366    0.4293     0.042   0.01051         0
   133/299     7.79G   0.02859  0.007569         0   0.03615        19       416    0.8277    0.7264    0.8177     0.412   0.04357   0.01091         0
   134/299     7.79G   0.02751   0.00709         0    0.0346        43       416    0.8953    0.7264    0.8169    0.4172   0.04332    0.0107         0
   135/299     7.79G   0.02681  0.006967         0   0.03378        29       416    0.8888    0.7539    0.8249    0.4043   0.04451   0.01144         0
   136/299     7.79G   0.02652  0.006414         0   0.03293        14       416    0.8158    0.7547    0.8066    0.3873    0.0448   0.01252         0
   137/299     7.79G   0.02715  0.007173         0   0.03432        21       416     0.821    0.7357    0.7786    0.4006   0.04594   0.01212         0
   138/299     7.79G   0.02636  0.007024         0   0.03339        49       416    0.8085     0.717    0.7593     0.401    0.0438   0.01288         0
   139/299     7.79G   0.02726  0.006517         0   0.03377        37       416    0.8578    0.8019    0.8307    0.4375   0.04284   0.01183         0
   140/299     7.79G   0.02931    0.0066         0   0.03591        23       416    0.8791    0.7547     0.821    0.4134   0.04427   0.01143         0
   141/299     7.79G    0.0273  0.006413         0   0.03371        29       416     0.875    0.7264    0.8013    0.4115   0.04532   0.01193         0
   142/299     7.79G   0.02584  0.006648         0   0.03249        39       416    0.8298     0.783    0.8231    0.4144   0.04449   0.01045         0
   143/299     7.79G   0.02717  0.006893         0   0.03407        21       416    0.7809    0.7736    0.7927    0.4177   0.04568   0.01088         0
   144/299     7.79G   0.02713  0.007306         0   0.03444        48       416    0.8556    0.7264    0.8019    0.4129   0.04499   0.01049         0
   145/299     7.79G   0.02711  0.007281         0    0.0344        33       416    0.8646     0.783    0.8249    0.4222   0.04332   0.01073         0
   146/299     7.79G   0.02614  0.006144         0   0.03229        25       416     0.908    0.7453    0.8365    0.4462    0.0419   0.01075         0
   147/299     7.79G   0.02696  0.006621         0   0.03358        25       416    0.9284    0.7358    0.8117     0.429   0.04247   0.01172         0
   148/299     7.79G   0.02682  0.006574         0   0.03339        32       416    0.8869    0.7453    0.8249    0.4244   0.04353   0.01146         0
   149/299     7.79G   0.02681  0.006264         0   0.03308        42       416    0.8406    0.8208    0.8269    0.4301   0.04345   0.01095         0
   150/299     7.79G   0.02601  0.006312         0   0.03232        27       416    0.9348    0.8113    0.8817    0.4426   0.04125   0.01048         0
   151/299     7.79G   0.02617  0.005645         0   0.03182        30       416    0.8469    0.7828    0.8336    0.4299   0.04381   0.01047         0
   152/299     7.79G   0.02728  0.007495         0   0.03477        42       416    0.8384     0.783    0.8256    0.4217   0.04284   0.01047         0
   153/299     7.79G   0.02422  0.006614         0   0.03083        26       416    0.9058    0.7264     0.801    0.4091   0.04375   0.01035         0
   154/299     7.79G   0.02343   0.00581         0   0.02924        25       416     0.939    0.7262    0.8105    0.4106   0.04374   0.01043         0
   155/299     7.79G   0.02429  0.006248         0   0.03053        25       416    0.8383    0.7827    0.8119      0.43   0.04227   0.01059         0
   156/299     7.79G   0.02375  0.006264         0   0.03002        34       416    0.8378    0.7358     0.776    0.4212    0.0435   0.01171         0
   157/299     7.79G   0.02356  0.006566         0   0.03013        20       416    0.8947    0.8017    0.8253    0.4357    0.0414  0.009886         0
   158/299     7.79G   0.02376   0.00547         0   0.02923        25       416    0.7998    0.7925    0.7909    0.4129   0.04459   0.01005         0
   159/299     7.79G    0.0306  0.006754         0   0.03735        30       416    0.9136     0.698    0.7842    0.4097   0.04365   0.01091         0
   160/299     7.79G   0.02642  0.006434         0   0.03286        17       416    0.8929    0.6415     0.747    0.3981   0.04404   0.01114         0
   161/299     7.79G   0.02364  0.005973         0   0.02962        15       416    0.9291    0.7453     0.794    0.4019    0.0426   0.01178         0
   162/299     7.79G   0.02577  0.006307         0   0.03208        33       416    0.9079    0.7453    0.8022    0.4165   0.04202   0.01206         0
   163/299     7.79G   0.02607  0.005949         0   0.03202        28       416      0.89    0.6887    0.7783    0.3934   0.04221   0.01342         0
   164/299     7.79G   0.02555  0.006234         0   0.03179        30       416       0.9    0.6789     0.747    0.3627   0.04341   0.01434         0
   165/299     7.79G   0.02222  0.005616         0   0.02784        36       416    0.8555    0.7264    0.8001    0.4081   0.04271   0.01247         0
   166/299     7.79G    0.0223  0.006094         0    0.0284        33       416    0.8333    0.8018     0.839    0.4043   0.04173    0.0118         0
   167/299     7.79G   0.02348    0.0055         0   0.02898        17       416    0.8529    0.8205    0.8602    0.4198   0.04175   0.01108         0
   168/299     7.79G   0.02414  0.005468         0    0.0296        30       416    0.9222    0.7829    0.8482    0.4178   0.04248   0.01181         0
   169/299     7.79G   0.02316  0.005779         0   0.02894        23       416     0.913    0.7923    0.8398    0.4239   0.04225   0.01174         0
   170/299     7.79G   0.02276  0.005677         0   0.02844        20       416    0.8969    0.8207    0.8445    0.4266   0.04116   0.01106         0
   171/299     7.79G    0.0239  0.006406         0    0.0303        32       416    0.8772    0.8113    0.8403    0.4214   0.04067    0.0114         0
   172/299     7.79G    0.0242   0.00595         0   0.03015        20       416    0.9204    0.7639    0.8559    0.4237   0.03981   0.01278         0
   173/299     7.79G   0.02532  0.006232         0   0.03156        28       416    0.8517    0.7583    0.8225    0.4078    0.0413   0.01473         0
   174/299     7.79G   0.02505  0.005976         0   0.03103        36       416    0.9204    0.7642    0.8299    0.4185   0.04278   0.01221         0
   175/299     7.79G   0.02618  0.005676         0   0.03185        32       416    0.8862    0.7358    0.8093    0.4145    0.0439   0.01284         0
   176/299     7.79G   0.02631  0.005648         0   0.03196        34       416    0.8125    0.7357    0.7417     0.378    0.0471   0.01351         0
   177/299     7.79G   0.02743  0.007393         0   0.03482        31       416    0.8849    0.7264    0.7942     0.384   0.04687   0.01259         0
   178/299     7.79G   0.02245  0.005516         0   0.02797        28       416     0.848    0.8019     0.824    0.4197   0.04199   0.01159         0
   179/299     7.79G    0.0225   0.00597         0   0.02847        31       416     0.925    0.6981    0.7834    0.4088   0.04286   0.01092         0
   180/299     7.79G   0.02437  0.006252         0   0.03062        36       416    0.8142    0.7453    0.7753     0.405   0.04296   0.01056         0
   181/299     7.79G   0.02216  0.005775         0   0.02794        30       416    0.8311    0.8019     0.826    0.4098   0.04373   0.01176         0
   182/299     7.79G   0.02183  0.006245         0   0.02807        37       416     0.939    0.7264    0.8184    0.4245   0.04251    0.0116         0
   183/299     7.79G   0.02259  0.005416         0     0.028        18       416    0.8567    0.7736    0.8035    0.4152   0.04255   0.01189         0
   184/299     7.79G   0.02233    0.0056         0   0.02793        37       416    0.8587    0.7453    0.8212    0.4273     0.042   0.01149         0
   185/299     7.79G    0.0214  0.005443         0   0.02685        21       416    0.8666    0.7356    0.8093    0.4173   0.04337   0.01188         0
   186/299     7.79G   0.02185  0.006585         0   0.02844        57       416    0.9097    0.7642    0.8321    0.4402   0.04193   0.01189         0
   187/299     7.79G   0.02269  0.005165         0   0.02786        26       416    0.9293    0.7453    0.8302    0.4262   0.04103   0.01236         0
   188/299     7.79G    0.0226  0.005814         0   0.02841        24       416     0.939    0.7264     0.809    0.4054   0.04233   0.01354         0
   189/299     7.79G   0.02017  0.005963         0   0.02613        25       416    0.9268     0.717    0.7966    0.4118   0.04377   0.01232         0
   190/299     7.79G    0.0211   0.00583         0   0.02693        38       416    0.8231    0.7925    0.7893    0.4165    0.0438   0.01271         0
   191/299     7.79G   0.02171  0.004989         0    0.0267        30       416    0.7735    0.7732    0.7943    0.4061   0.04472   0.01389         0
   192/299     7.79G   0.02298  0.005669         0   0.02865        21       416    0.8261    0.7169    0.7737    0.4083   0.04492   0.01358         0
   193/299     7.79G   0.02125  0.005989         0   0.02724        31       416    0.7683    0.7822    0.8019    0.4188   0.04325   0.01303         0
   194/299     7.79G   0.02083  0.005666         0   0.02649        32       416    0.7886    0.8491    0.8324    0.4224   0.04177   0.01292         0
   195/299     7.79G   0.02091   0.00556         0   0.02647        34       416    0.8383    0.7827    0.8168     0.429   0.04229   0.01255         0
   196/299     7.79G   0.02064  0.005525         0   0.02616        24       416     0.857    0.7925    0.8496    0.4261   0.04218    0.0125         0
   197/299     7.79G   0.02091  0.006274         0   0.02718        34       416     0.848    0.7925    0.8299    0.4268   0.04328   0.01249         0
   198/299     7.79G   0.01837  0.005281         0   0.02365        25       416    0.8922     0.783    0.8377    0.4217   0.04362   0.01297         0
   199/299     7.79G   0.02017  0.005483         0   0.02565        43       416    0.9157    0.7169    0.8014    0.4213   0.04364   0.01334         0
   200/299     7.79G   0.01956  0.005051         0   0.02461        29       416    0.9047     0.717    0.7841    0.4146    0.0442   0.01357         0
   201/299     7.79G   0.01921  0.005405         0   0.02462        27       416    0.8461    0.7262    0.7744    0.4141   0.04481   0.01335         0
   202/299     7.79G   0.01903  0.005848         0   0.02488        38       416    0.8381    0.8301    0.8521    0.4258   0.04292   0.01313         0
   203/299     7.79G    0.0208   0.00553         0   0.02633        22       416    0.8237    0.8396    0.8469    0.4391   0.04206   0.01216         0
   204/299     7.79G   0.02064  0.005287         0   0.02592        45       416    0.9022    0.7829    0.8463    0.4423   0.04284   0.01186         0
   205/299     7.79G   0.02155  0.005741         0    0.0273        40       416     0.908    0.7452    0.8523    0.4328   0.04295   0.01186         0
   206/299     7.79G   0.01854  0.005547         0   0.02409        31       416    0.9129    0.7925    0.8703    0.4378   0.04222   0.01195         0
   207/299     7.79G    0.0184  0.005151         0   0.02355        32       416    0.8854    0.8019    0.8549    0.4371   0.04168   0.01236         0
   208/299     7.79G   0.02065  0.005276         0   0.02592        16       416    0.8947    0.8018    0.8414    0.4162   0.04206   0.01297         0
   209/299     7.79G   0.01951  0.004541         0   0.02405        26       416    0.8875    0.7453     0.801    0.4085   0.04384   0.01401         0
   210/299     7.79G   0.02092  0.005368         0   0.02629        25       416    0.8977    0.7449    0.7967    0.3857   0.04431   0.01407         0
   211/299     7.79G   0.02204  0.005952         0   0.02799        28       416    0.8777    0.7451    0.7909    0.4053   0.04364   0.01352         0
   212/299     7.79G   0.01969  0.005675         0   0.02536        32       416    0.8193    0.7358    0.7818    0.4074   0.04491    0.0129         0
   213/299     7.79G   0.01978  0.006127         0   0.02591        38       416    0.8348    0.8113    0.8078    0.4136   0.04399   0.01277         0
   214/299     7.79G   0.01929  0.005788         0   0.02508        30       416    0.8842    0.7925    0.8433    0.4355   0.04279   0.01323         0
   215/299     7.79G   0.02228  0.005231         0   0.02751        50       416    0.8816    0.7736    0.8433    0.4396   0.04205    0.0132         0
   216/299     7.79G   0.02217  0.005371         0   0.02754        23       416    0.8694    0.7547    0.8145    0.4345   0.04248   0.01284         0
   217/299     7.79G   0.01977  0.005245         0   0.02501        40       416    0.8817    0.7735    0.8083    0.4397   0.04425   0.01226         0
   218/299     7.79G   0.01858  0.004577         0   0.02315        28       416    0.9204    0.7639    0.7964    0.4499   0.04359   0.01247         0
   219/299     7.79G   0.01878  0.005356         0   0.02414        26       416    0.9011    0.7736     0.836    0.4499   0.04345   0.01284         0
   220/299     7.79G   0.01962  0.004997         0   0.02462        28       416    0.8143    0.8302    0.8269     0.442   0.04176   0.01285         0
   221/299     7.79G   0.01856  0.005017         0   0.02358        26       416     0.854    0.7736    0.8322    0.4275   0.04456   0.01325         0
   222/299     7.79G   0.01781  0.005444         0   0.02325        25       416    0.8612    0.8208    0.8409     0.422   0.04474    0.0134         0
   223/299     7.79G   0.01881  0.004852         0   0.02367        29       416    0.8461    0.8302    0.8375    0.4418   0.04416   0.01292         0
   224/299     7.79G   0.01898  0.004992         0   0.02397        29       416      0.85    0.8019    0.8178    0.4216    0.0451   0.01309         0
   225/299     7.79G   0.02026  0.005268         0   0.02553        36       416     0.854    0.7736    0.8058    0.4148   0.04407   0.01335         0
   226/299     7.79G   0.01839  0.004699         0   0.02309        17       416    0.8449    0.7736    0.8097    0.4158   0.04371   0.01401         0
   227/299     7.79G   0.02162  0.005555         0   0.02718        46       416     0.885    0.7262    0.8008    0.4077    0.0442   0.01378         0
   228/299     7.79G   0.01915   0.00578         0   0.02493        22       416      0.84    0.7922    0.8334    0.4233   0.04319   0.01282         0
   229/299     7.79G   0.01891  0.005402         0   0.02431        45       416    0.8571    0.7358     0.788    0.4189   0.04485   0.01275         0
   230/299     7.79G   0.01938  0.005186         0   0.02457        24       416    0.8834     0.717    0.7826    0.3975   0.04652   0.01326         0
   231/299     7.79G    0.0209  0.005157         0   0.02606        25       416    0.8923     0.783    0.8333    0.4188   0.04484   0.01331         0
   232/299     7.79G      0.02  0.005302         0   0.02531        22       416    0.8452    0.7736    0.8126    0.4047   0.04439   0.01444         0
   233/299     7.79G   0.01826  0.004761         0   0.02302        15       416    0.8858    0.7358     0.805    0.4163   0.04275    0.0146         0
   234/299     7.79G    0.0179  0.004813         0   0.02271        46       416      0.83     0.783    0.8135    0.4287   0.04181    0.0144         0
   235/299     7.79G   0.01803  0.004959         0   0.02299        43       416    0.8362     0.783    0.8184    0.4331   0.04289   0.01379         0
   236/299     7.79G   0.01886  0.005223         0   0.02408        38       416    0.8666    0.7358    0.8096    0.4283   0.04254   0.01369         0
   237/299     7.79G   0.01858  0.005349         0   0.02393        34       416    0.8643     0.783    0.8215    0.4463     0.041   0.01342         0
   238/299     7.79G   0.01751  0.004787         0    0.0223        34       416    0.9222     0.783    0.8484    0.4538   0.04036   0.01364         0
   239/299     7.79G    0.0172  0.005054         0   0.02225        31       416    0.9211    0.7736    0.8536    0.4389   0.04076   0.01401         0
   240/299     7.79G   0.01838  0.004848         0   0.02323        38       416       0.9    0.7641    0.8436    0.4367    0.0413   0.01423         0
   241/299     7.79G   0.01659  0.004424         0   0.02102        21       416    0.8804    0.7641    0.8385     0.433   0.04148   0.01401         0
   242/299     7.79G   0.01624  0.005237         0   0.02147        28       416    0.9432    0.7829    0.8546    0.4321   0.04133   0.01378         0
   243/299     7.79G   0.01644  0.004507         0   0.02094        23       416    0.9134    0.8019    0.8442     0.435   0.04125   0.01417         0
   244/299     7.79G   0.01596  0.004262         0   0.02022        40       416    0.8853    0.8008    0.8465    0.4384   0.04099   0.01448         0
   245/299     7.79G   0.01896  0.004769         0   0.02373        27       416    0.9222    0.7829    0.8525     0.424   0.04194   0.01455         0
   246/299     7.79G   0.01752  0.004859         0   0.02237        26       416    0.9091    0.7545    0.8433    0.4322   0.04174   0.01411         0
   247/299     7.79G   0.01643  0.005014         0   0.02145        37       416    0.8814    0.7715    0.8355    0.4322   0.04179   0.01372         0
   248/299     7.79G   0.01667  0.004928         0    0.0216        21       416    0.7757     0.783    0.7822    0.4255    0.0438   0.01331         0
   249/299     7.79G   0.01698  0.004487         0   0.02147        21       416    0.8246    0.7547    0.7735    0.4398   0.04214   0.01358         0
   250/299     7.79G    0.0158  0.005157         0   0.02095        28       416    0.8681    0.7449    0.7912     0.421   0.04158   0.01392         0
   251/299     7.79G   0.01543  0.004048         0   0.01948        17       416    0.8901    0.7642    0.8202     0.423   0.04093   0.01384         0
   252/299     7.79G   0.01612  0.004666         0   0.02079        44       416    0.8264    0.8585    0.8535    0.4266    0.0413   0.01423         0
   253/299     7.79G   0.01498  0.004808         0   0.01979        29       416    0.9209    0.7736    0.8445    0.4345    0.0409   0.01375         0
   254/299     7.79G   0.01567  0.004482         0   0.02015        29       416    0.8762    0.8019    0.8262    0.4301   0.04302   0.01353         0
   255/299     7.79G   0.01721  0.004663         0   0.02187        36       416    0.9238    0.8019    0.8621    0.4361   0.04278   0.01316         0
   256/299     7.79G   0.01698   0.00492         0    0.0219        41       416    0.8584    0.8585    0.8629    0.4346   0.04241   0.01308         0
   257/299     7.79G   0.01505  0.004604         0   0.01965        24       416    0.8787    0.8208    0.8654    0.4312   0.04243   0.01293         0
   258/299     7.79G   0.01585  0.004959         0    0.0208        24       416    0.9147    0.8113    0.8742    0.4294   0.04199   0.01264         0
   259/299     7.79G   0.01742   0.00542         0   0.02284        29       416    0.8897    0.8396    0.8711     0.436   0.04194   0.01279         0
   260/299     7.79G   0.01576   0.00516         0   0.02092        20       416    0.8699    0.8208    0.8442    0.4369   0.04157   0.01276         0
   261/299     7.79G   0.01649  0.004702         0   0.02119        28       416    0.8557    0.8393    0.8451    0.4371   0.04164   0.01273         0
   262/299     7.79G   0.01634   0.00486         0    0.0212        39       416    0.8686    0.8113    0.8337    0.4463   0.04134   0.01343         0
   263/299     7.79G   0.01603  0.004617         0   0.02065        39       416    0.8645     0.783    0.8252    0.4504   0.04168   0.01348         0
   264/299     7.79G   0.01683   0.00442         0   0.02125        30       416     0.875    0.7924    0.8181    0.4339   0.04289   0.01384         0
   265/299     7.79G    0.0165  0.004616         0   0.02112        46       416    0.8833    0.7925    0.8294    0.4207   0.04365   0.01392         0
   266/299     7.79G   0.01483  0.004325         0   0.01916        23       416       0.9    0.7638    0.8233    0.4257    0.0439   0.01437         0
   267/299     7.79G   0.01563  0.004501         0   0.02013        37       416       0.9    0.7642     0.835    0.4315   0.04357   0.01414         0
   268/299     7.79G   0.01575  0.004989         0   0.02074        32       416    0.8347    0.8098    0.8453    0.4397   0.04293   0.01394         0
   269/299     7.79G   0.01558  0.004321         0    0.0199        24       416    0.8889    0.8299    0.8684    0.4482    0.0418   0.01351         0
   270/299     7.79G   0.01481  0.004459         0   0.01927        28       416    0.8775    0.8111    0.8565    0.4503   0.04189   0.01351         0
   271/299     7.79G   0.01497  0.005042         0   0.02002        41       416    0.8866     0.811     0.863    0.4445   0.04182    0.0135         0
   272/299     7.79G    0.0172  0.004392         0   0.02159        48       416    0.8958    0.8113    0.8615    0.4522   0.04129   0.01339         0
   273/299     7.79G    0.0154  0.004799         0    0.0202        29       416    0.8568    0.8469    0.8675    0.4512    0.0413    0.0133         0
   274/299     7.79G   0.01534  0.004522         0   0.01986        28       416    0.8862    0.8113    0.8609    0.4513   0.04106   0.01339         0
   275/299     7.79G   0.01523  0.004414         0   0.01965        25       416    0.8853    0.8019    0.8582    0.4534   0.04173   0.01355         0
   276/299     7.79G   0.01426  0.004218         0   0.01848        28       416    0.8989    0.7547     0.839     0.451   0.04295   0.01354         0
   277/299     7.79G   0.01483  0.004634         0   0.01946        24       416    0.8485    0.7923    0.8383    0.4381   0.04195   0.01411         0
   278/299     7.79G   0.01415   0.00443         0   0.01858        35       416    0.9293    0.7453    0.8498    0.4377    0.0422   0.01405         0
   279/299     7.79G   0.01568  0.004643         0   0.02032        44       416      0.89    0.7642     0.835    0.4341   0.04244   0.01403         0
   280/299     7.79G   0.01532  0.004654         0   0.01997        38       416    0.9022     0.783    0.8579    0.4366   0.04157   0.01363         0
   281/299     7.79G   0.01386  0.003879         0   0.01774        37       416    0.8681    0.8113    0.8596    0.4441   0.04127    0.0129         0
   282/299     7.79G   0.01496  0.004299         0   0.01926        27       416    0.8686     0.811    0.8588    0.4506   0.04096   0.01249         0
   283/299     7.79G    0.0148  0.004507         0   0.01931        42       416     0.866    0.7925    0.8358    0.4462   0.04103   0.01264         0
   284/299     7.79G   0.01517  0.004485         0   0.01966        22       416    0.8817    0.7736    0.8394    0.4522   0.04099   0.01314         0
   285/299     7.79G   0.01501   0.00431         0   0.01932        49       416    0.8866    0.8113    0.8565    0.4578   0.04019   0.01286         0
   286/299     7.79G    0.0148  0.003851         0   0.01865        19       416    0.9333    0.7925    0.8447    0.4513   0.04102   0.01293         0
   287/299     7.79G   0.01398  0.004109         0   0.01809        13       416    0.9418     0.764    0.8486    0.4494    0.0412   0.01309         0
   288/299     7.79G   0.01493   0.00514         0   0.02007        40       416    0.9212    0.7736    0.8479    0.4453   0.04058   0.01318         0
   289/299     7.79G   0.01406  0.004461         0   0.01852        42       416    0.9228    0.7925      0.85    0.4569   0.04008   0.01299         0
   290/299     7.79G   0.01208  0.003592         0   0.01567        22       416    0.9246    0.8113    0.8571    0.4551   0.03994   0.01295         0
   291/299     7.79G   0.01408  0.004258         0   0.01833        33       416    0.9167    0.8301    0.8604    0.4525   0.04043   0.01292         0
   292/299     7.79G   0.01343  0.004073         0    0.0175        21       416    0.9254    0.8208     0.862    0.4553   0.04058   0.01273         0
   293/299     7.79G   0.01459  0.004852         0   0.01944        25       416     0.934    0.8019    0.8515    0.4521   0.04031   0.01283         0
   294/299     7.79G   0.01342  0.003937         0   0.01735        37       416    0.9239    0.8019    0.8542    0.4698   0.04024   0.01305         0
   295/299     7.79G   0.01355  0.003814         0   0.01737        17       416    0.9348    0.8113     0.868    0.4666   0.04022   0.01303         0
   296/299     7.79G    0.0135  0.004201         0    0.0177        40       416    0.9333    0.7925    0.8671    0.4701   0.04015   0.01278         0
   297/299     7.79G   0.01424  0.004141         0   0.01838        27       416    0.9231    0.7925     0.861    0.4665   0.04008   0.01261         0
   298/299     7.79G   0.01352   0.00416         0   0.01768        29       416    0.9231    0.7924    0.8619    0.4618   0.04027   0.01282         0
   299/299     7.79G   0.01402  0.004149         0   0.01817        25       416    0.9333    0.7922    0.8594    0.4587   0.04045   0.01298         0
