     0/299     1.39G    0.1085   0.01663         0    0.1251        29       416  0.001416    0.2522 0.0003742 5.766e-05    0.1005   0.02037         0
     1/299      6.2G    0.1021   0.01738         0    0.1195        29       416  0.001826    0.1217 0.0005232 8.639e-05   0.09708   0.01723         0
     2/299     7.64G   0.09649   0.01739         0    0.1139        30       416  0.005379    0.1304  0.001729 0.0002421    0.0942   0.01663         0
     3/299     7.64G   0.09374   0.01816         0    0.1119        25       416   0.01127   0.09565  0.004537 0.0006919   0.09121   0.01668         0
     4/299     7.64G   0.08731   0.01817         0    0.1055        29       416   0.01566     0.113  0.005777  0.001336   0.08731   0.01709         0
     5/299     7.64G   0.08448   0.01899         0    0.1035        23       416     0.114    0.1387   0.04047  0.006296   0.07939   0.01815         0
     6/299     7.64G   0.07849   0.01789         0   0.09637        29       416    0.1765    0.1478   0.07345   0.01611   0.07582   0.01764         0
     7/299     7.64G   0.07378   0.01945         0   0.09323        29       416    0.3167     0.313    0.2016   0.05106    0.0701    0.0159         0
     8/299     7.64G   0.07021    0.0161         0   0.08631        18       416    0.2463    0.3478    0.1604   0.03472   0.07089   0.01444         0
     9/299     7.64G   0.07021   0.01546         0   0.08566        33       416    0.3021     0.487    0.3136   0.07846   0.06498   0.01368         0
    10/299     7.64G   0.06735   0.01668         0   0.08403        32       416    0.3726    0.3739    0.3165    0.0855   0.06962   0.01265         0
    11/299     7.64G   0.06667    0.0146         0   0.08126        20       416    0.2777    0.4957    0.2722   0.06457   0.06462   0.01282         0
    12/299     7.64G   0.06437   0.01526         0   0.07963        30       416    0.4506     0.487    0.3984    0.1147   0.06141   0.01291         0
    13/299     7.64G   0.06036   0.01452         0   0.07488        21       416    0.3848    0.4783    0.3782    0.1106    0.0645    0.0123         0
    14/299     7.64G   0.06499   0.01382         0   0.07881        29       416    0.6132    0.6341    0.5823    0.2058   0.05533   0.01245         0
    15/299     7.64G   0.06737   0.01372         0   0.08109        28       416    0.5879    0.5217    0.5453    0.1627   0.06014   0.01111         0
    16/299     7.66G   0.06665   0.01272         0   0.07936        23       416    0.5559       0.6    0.5412    0.1597   0.05776   0.01178         0
    17/299     7.66G   0.06915   0.01372         0   0.08288        30       416    0.6507    0.5217    0.5586    0.1533    0.0565     0.012         0
    18/299     7.66G   0.06295   0.01325         0    0.0762        23       416    0.4064     0.643    0.5001    0.1353   0.05824    0.0113         0
    19/299     7.66G    0.0636   0.01292         0   0.07652        23       416    0.2841    0.5826    0.3108    0.0786   0.06732   0.01052         0
    20/299     7.66G   0.06344   0.01209         0   0.07553        22       416    0.5637    0.6087    0.5118    0.1633   0.05935    0.0115         0
    21/299     7.66G   0.06041   0.01375         0   0.07417        31       416    0.6646    0.6174    0.5774    0.1691   0.05537   0.01142         0
    22/299     7.66G   0.05752   0.01307         0   0.07059        24       416    0.5908    0.5652     0.516    0.1696     0.057   0.01213         0
    23/299     7.66G   0.06316   0.01276         0   0.07592        22       416     0.541    0.4957    0.4782    0.1653   0.06066   0.01221         0
    24/299     7.66G   0.05554    0.0128         0   0.06833        26       416    0.4128    0.6435    0.4766     0.189   0.05502   0.01201         0
    25/299     7.66G   0.05838   0.01376         0   0.07214        33       416    0.6879    0.5565    0.6296    0.2498   0.05299   0.01105         0
    26/299     7.66G   0.05319   0.01098         0   0.06417        26       416    0.5183    0.5478    0.4848    0.1456   0.05495    0.0107         0
    27/299     7.66G   0.05995   0.01198         0   0.07192        29       416    0.6448     0.521    0.5088    0.1545   0.05944   0.01072         0
    28/299     7.66G   0.05446   0.01177         0   0.06623        22       416    0.5789    0.4696     0.529    0.1415   0.06831  0.009655         0
    29/299     7.66G   0.05837   0.01049         0   0.06886        19       416    0.7315    0.7217    0.7154    0.2656   0.05248   0.01002         0
    30/299     7.66G   0.05699   0.01104         0   0.06803        21       416    0.6178    0.4783     0.537    0.1497   0.05607   0.01004         0
    31/299     7.66G   0.05647   0.01179         0   0.06826        27       416     0.704    0.6435    0.6874    0.2545   0.05269    0.0104         0
    32/299     7.66G   0.05515   0.01073         0   0.06588        26       416     0.627    0.6522    0.6414    0.2192   0.05545   0.01093         0
    33/299     7.66G   0.05621   0.01117         0   0.06739        23       416    0.6923     0.687    0.6433    0.2159   0.05648   0.01046         0
    34/299     7.66G     0.053   0.01145         0   0.06445        34       416    0.6794    0.7565    0.7037    0.2399   0.05209    0.0101         0
    35/299     7.66G   0.05134   0.01064         0   0.06198        29       416    0.6903    0.6591    0.6955    0.2672   0.05061   0.01084         0
    36/299     7.66G   0.04796   0.01012         0   0.05808        34       416    0.5535    0.6252    0.6285     0.251    0.0598  0.009845         0
    37/299     7.66G   0.05197   0.01103         0   0.06299        35       416    0.6474    0.5913    0.5842    0.1734   0.05475   0.01084         0
    38/299     7.66G   0.05341   0.01063         0   0.06404        29       416    0.6076     0.687    0.6582    0.2197   0.05572   0.01035         0
    39/299     7.66G   0.05298  0.009679         0   0.06266        24       416    0.7372     0.687    0.6924    0.2534   0.05308  0.009907         0
    40/299     7.66G   0.04843   0.01055         0   0.05898        18       416    0.6849    0.6261    0.6142    0.2224    0.0521   0.01026         0
    41/299     7.66G   0.05219  0.009824         0   0.06202        28       416    0.8104    0.6696    0.7125    0.2926   0.04961   0.01117         0
    42/299     7.66G   0.04729   0.01078         0   0.05807        27       416    0.6751    0.6866    0.6217    0.2124   0.05164   0.01056         0
    43/299     7.66G   0.05151  0.009929         0   0.06144        23       416    0.7479    0.7997    0.7529    0.2997   0.04551   0.01008         0
    44/299     7.66G   0.04316   0.01047         0   0.05363        37       416    0.7154    0.6783    0.6716    0.2419   0.05429   0.01053         0
    45/299     7.66G   0.04427   0.01027         0   0.05454        23       416    0.7154    0.7649    0.7215    0.2747   0.05094   0.01058         0
    46/299     7.66G   0.05258  0.009968         0   0.06254        19       416    0.7475    0.6694    0.7277    0.2349   0.05232   0.01016         0
    47/299     7.66G    0.0553   0.01056         0   0.06586        26       416    0.6016    0.6174    0.5563    0.1637   0.06128  0.009584         0
    48/299     7.66G   0.05342  0.009502         0   0.06292        24       416    0.5941    0.7127    0.6425    0.2246   0.05255   0.01036         0
    49/299     7.66G   0.05251  0.009826         0   0.06233        29       416    0.8089    0.6258      0.72    0.2843    0.0526   0.01021         0
    50/299     7.66G   0.04978   0.01116         0   0.06094        49       416    0.7378    0.6606    0.6118    0.1828   0.05738   0.01062         0
    51/299     7.66G   0.05352  0.009012         0   0.06253        19       416    0.7025    0.6783    0.7012    0.2654   0.05324   0.01017         0
    52/299     7.66G   0.04565  0.009821         0   0.05547        29       416    0.6635    0.7391     0.696    0.2426   0.05064   0.01002         0
    53/299     7.66G   0.05093  0.009356         0   0.06029        39       416    0.7092    0.6609    0.6727    0.2465   0.05005   0.01003         0
    54/299     7.66G   0.04737  0.009976         0   0.05735        22       416    0.8924    0.7214    0.7662    0.2802   0.04891   0.01084         0
    55/299     7.66G   0.04356   0.00878         0   0.05234        20       416    0.7212    0.7217    0.7119    0.2808   0.05022   0.01106         0
    56/299     7.66G   0.04641  0.009539         0   0.05595        27       416    0.8228    0.7304    0.7586    0.2906   0.04919   0.01098         0
    57/299     7.66G   0.04133   0.01068         0   0.05201        40       416    0.7982    0.7911    0.7872    0.3148   0.04699   0.01005         0
    58/299     7.66G   0.04222  0.009793         0   0.05201        29       416    0.8075    0.7304    0.7648    0.3256   0.04691   0.01063         0
    59/299     7.66G   0.04528  0.009858         0   0.05514        23       416    0.7184    0.6432    0.6571    0.2553   0.05619   0.01025         0
    60/299     7.66G   0.04582  0.008727         0   0.05455        24       416    0.7918    0.6348    0.7259    0.2855   0.04821   0.01086         0
    61/299     7.66G    0.0394  0.009437         0   0.04884        27       416    0.8809    0.6434    0.7282    0.3282   0.04506   0.01153         0
    62/299     7.66G   0.04282   0.01022         0   0.05304        25       416    0.8644    0.7203    0.7729    0.2861   0.04785   0.01112         0
    63/299     7.66G   0.03921  0.009172         0   0.04839        33       416     0.854    0.7122    0.7697    0.3277   0.04456   0.01102         0
    64/299     7.66G   0.03935   0.00957         0   0.04892        23       416    0.8571    0.6778    0.7374    0.3162    0.0472   0.01159         0
    65/299     7.66G   0.03885  0.009719         0   0.04857        32       416    0.9064    0.6783    0.7609    0.3334    0.0467    0.0113         0
    66/299     7.66G   0.03878  0.008949         0   0.04773        32       416    0.7366    0.7304    0.7128    0.3231   0.04537   0.01119         0
    67/299     7.66G   0.03741  0.009587         0     0.047        30       416     0.866    0.7304    0.8028    0.3812   0.04391   0.01049         0
    68/299     7.66G    0.0414  0.008092         0   0.04949        30       416    0.8179    0.7043    0.7671    0.2682   0.05174   0.01158         0
    69/299     7.66G   0.04477   0.00924         0   0.05401        29       416    0.8723    0.7129    0.7784    0.3273   0.04587    0.0103         0
    70/299     7.66G   0.03636  0.009493         0   0.04585        26       416    0.8687    0.7477    0.7768    0.3503   0.04681   0.01113         0
    71/299     7.66G   0.03799  0.009566         0   0.04755        35       416    0.8224    0.7739    0.7433    0.3517    0.0437   0.01121         0
    72/299     7.66G   0.04002  0.009242         0   0.04926        37       416    0.8041    0.6782    0.7075    0.2987   0.04779   0.01103         0
    73/299     7.66G   0.03896  0.008165         0   0.04712        35       416    0.8404    0.6869    0.7374    0.3495    0.0454   0.01219         0
    74/299     7.66G   0.03787   0.01057         0   0.04845        30       416    0.8571    0.7301    0.7727    0.3543   0.04288   0.01127         0
    75/299     7.66G    0.0353  0.009942         0   0.04525        35       416    0.8476    0.7738     0.807    0.3838    0.0425   0.01032         0
    76/299     7.66G    0.0363  0.009191         0   0.04549        24       416    0.7959     0.713    0.7077    0.2493   0.05385   0.01024         0
    77/299     7.66G   0.03978  0.008738         0   0.04851        24       416    0.8216    0.7217    0.6952    0.2726   0.04958   0.01068         0
    78/299     7.66G   0.04103  0.009473         0    0.0505        25       416     0.878     0.626    0.7254    0.3132   0.04631   0.01171         0
    79/299     7.66G   0.04289   0.01047         0   0.05336        38       416     0.764    0.7038    0.7183    0.3195   0.05025   0.01219         0
    80/299     7.66G   0.04146  0.009832         0   0.05129        40       416    0.8251    0.7478     0.785    0.3432   0.04724   0.01169         0
    81/299     7.66G   0.03596  0.009548         0   0.04551        46       416    0.9353    0.7565    0.8153    0.3464   0.04703   0.01066         0
    82/299     7.66G   0.03624  0.008926         0   0.04517        29       416    0.8409    0.7391    0.7509    0.3629   0.04807   0.01094         0
    83/299     7.66G   0.04056  0.008716         0   0.04928        27       416    0.8652    0.6695    0.7086    0.2924   0.05238   0.01053         0
    84/299     7.66G   0.03918  0.009705         0   0.04888        28       416    0.8461    0.7651    0.7949    0.3697   0.04482   0.01124         0
    85/299     7.66G    0.0351  0.008119         0   0.04322        33       416    0.7934    0.7739    0.7816    0.3643   0.04631   0.01085         0
    86/299     7.66G   0.03474  0.008716         0   0.04346        30       416    0.7957    0.7478    0.7533    0.3279   0.04532   0.01106         0
    87/299     7.66G   0.03912  0.009364         0   0.04849        28       416    0.8318    0.7738     0.775    0.3495   0.04519   0.01122         0
    88/299     7.66G   0.03624  0.008982         0   0.04522        25       416    0.8316    0.7301     0.753    0.3538   0.04548   0.01167         0
    89/299     7.66G   0.03575  0.008905         0   0.04465        32       416    0.9114     0.626    0.7532    0.3727   0.04373   0.01147         0
    90/299     7.66G   0.03643  0.007935         0   0.04436        22       416    0.8275     0.713    0.7552    0.3485   0.04514   0.01138         0
    91/299     7.66G   0.03626  0.009367         0   0.04563        30       416    0.8382    0.7217    0.7504    0.3247   0.04668   0.01139         0
    92/299     7.66G   0.03872   0.00949         0   0.04821        42       416    0.8158    0.6957    0.7268    0.2923   0.04865   0.01195         0
    93/299     7.66G   0.03378  0.008319         0    0.0421        29       416    0.7938    0.7391    0.7616    0.3459   0.04447   0.01143         0
    94/299     7.66G   0.03276  0.008857         0   0.04162        26       416    0.8298    0.7217    0.7665    0.3638   0.04375   0.01111         0
    95/299     7.66G   0.03727  0.009414         0   0.04668        37       416    0.9033    0.6609    0.7544    0.3286   0.04543   0.01125         0
    96/299     7.66G   0.03973  0.009016         0   0.04874        25       416    0.8431    0.7477    0.7754    0.3231   0.04579   0.01076         0
    97/299     7.66G   0.03339  0.008966         0   0.04236        34       416    0.7999    0.7652    0.7681    0.3499   0.04481   0.01048         0
    98/299     7.66G   0.03462  0.007397         0   0.04201        20       416     0.823    0.7304    0.7778    0.3342   0.04338   0.01091         0
    99/299     7.66G   0.03587   0.00907         0   0.04494        23       416    0.7999    0.7652    0.7826    0.3691    0.0421   0.01097         0
   100/299     7.66G   0.03289   0.00946         0   0.04235        38       416    0.8053    0.7912    0.8187    0.3812   0.04173   0.01066         0
   101/299     7.66G   0.03337  0.009133         0    0.0425        37       416    0.9011    0.7127    0.7785    0.3616   0.04432   0.01188         0
   102/299     7.66G   0.03555  0.009488         0   0.04504        30       416    0.9059    0.6695     0.771     0.327   0.04493   0.01202         0
   103/299     7.66G   0.03846  0.008175         0   0.04664        35       416    0.8197     0.713    0.7506    0.3421   0.04483   0.01262         0
   104/299     7.66G   0.03838  0.008603         0   0.04699        30       416    0.7819     0.687    0.7297    0.2631   0.05241   0.01198         0
   105/299     7.66G   0.03727  0.009402         0   0.04667        38       416    0.8137    0.7217    0.7554    0.3085   0.04874   0.01123         0
   106/299     7.66G   0.03339  0.008895         0   0.04228        23       416    0.8446    0.7561    0.7996    0.3967    0.0428   0.01044         0
   107/299     7.66G   0.03243  0.008776         0    0.0412        37       416    0.8784    0.7565    0.8093    0.4075   0.04156   0.01047         0
   108/299     7.66G   0.03289  0.007683         0   0.04057        21       416    0.8946    0.7391     0.799    0.3959   0.04146   0.01137         0
   109/299     7.66G   0.03305  0.008742         0   0.04179        38       416    0.9101    0.7038    0.7794    0.3722   0.04191   0.01226         0
   110/299     7.66G   0.03318  0.008401         0   0.04158        32       416    0.8604    0.7043    0.7613    0.3804   0.04288   0.01214         0
   111/299     7.66G   0.03145  0.008456         0    0.0399        37       416    0.7908    0.7565    0.7757    0.3703   0.04628   0.01295         0
   112/299     7.66G   0.03033  0.007721         0   0.03805        32       416    0.8969    0.7565    0.8053    0.3784   0.04331   0.01171         0
   113/299     7.66G   0.02995  0.008351         0    0.0383        38       416    0.9255    0.7563    0.8139    0.3778   0.04217   0.01159         0
   114/299     7.66G    0.0293  0.008704         0     0.038        26       416    0.8947    0.7391    0.7985     0.384   0.04212   0.01194         0
   115/299     7.66G   0.02962  0.007105         0   0.03673        16       416    0.8878    0.7565    0.7964     0.363   0.04254   0.01231         0
   116/299     7.66G   0.03116  0.008514         0   0.03968        36       416    0.8502    0.7913    0.8038    0.3635   0.04239    0.0125         0
   117/299     7.66G   0.02945  0.008888         0   0.03834        22       416    0.8378    0.8084    0.8004    0.3634   0.04132   0.01127         0
   118/299     7.66G   0.02694  0.008046         0   0.03498        38       416    0.8584    0.7913    0.7978     0.391   0.04367   0.01106         0
   119/299     7.66G   0.03388  0.007598         0   0.04148        23       416    0.9062    0.7565    0.8475    0.4031    0.0422   0.01102         0
   120/299     7.66G   0.02942  0.007036         0   0.03646        30       416    0.8586    0.7391    0.8094    0.4096   0.04208   0.01106         0
   121/299     7.66G   0.02846   0.00833         0   0.03679        32       416    0.8877    0.7565    0.8157    0.4196   0.04177   0.01099         0
   122/299     7.66G   0.02571  0.007235         0   0.03294        24       416    0.8158    0.8087    0.8141    0.3889   0.04043   0.01103         0
   123/299     7.66G   0.02956  0.007554         0   0.03711        26       416    0.8172    0.7391    0.7955    0.3852   0.04076   0.01177         0
   124/299     7.66G   0.03058  0.007894         0   0.03848        40       416    0.7998    0.7644    0.7701    0.3864   0.04029   0.01191         0
   125/299     7.66G   0.02844  0.007816         0   0.03626        20       416    0.9231    0.7303    0.7829    0.3917   0.04123    0.0114         0
   126/299     7.66G   0.02764  0.006692         0   0.03433        30       416    0.8775    0.7478    0.7935    0.4123   0.04012   0.01134         0
   127/299     7.66G   0.02737  0.007159         0   0.03453        36       416    0.8461     0.765    0.7994    0.3845   0.04114   0.01161         0
   128/299     7.66G   0.03051  0.007646         0   0.03815        23       416    0.8658    0.7304    0.7553    0.3571   0.04409   0.01231         0
   129/299     7.66G   0.02957  0.007614         0   0.03718        24       416    0.8461    0.7648    0.7916    0.3646   0.04187   0.01176         0
   130/299     7.66G    0.0275  0.007075         0   0.03458        28       416    0.8643    0.7217    0.8011    0.4057   0.04159   0.01093         0
   131/299     7.66G   0.02853  0.007544         0   0.03607        32       416    0.8393    0.7739    0.8058    0.3966    0.0442   0.01108         0
   132/299     7.66G   0.03018   0.00808         0   0.03826        22       416    0.8221    0.7652    0.7986    0.3723    0.0459   0.01044         0
   133/299     7.66G   0.03081  0.007932         0   0.03875        22       416    0.8396    0.7738    0.8116    0.3931   0.04303   0.01064         0
   134/299     7.66G   0.02765  0.007677         0   0.03533        30       416    0.8553    0.7739    0.8055     0.408   0.04064   0.01065         0
   135/299     7.66G   0.02941  0.007887         0    0.0373        35       416    0.8543    0.7652     0.796    0.3692   0.04109    0.0103         0
   136/299     7.66G   0.02663  0.006673         0    0.0333        16       416    0.8411    0.7824    0.8098    0.3926   0.04092   0.01038         0
   137/299     7.66G     0.027  0.006909         0    0.0339        23       416    0.8715    0.8261    0.8287    0.3979   0.04181   0.01062         0
   138/299     7.66G   0.02816  0.006997         0   0.03516        36       416    0.9158    0.7564    0.8162    0.3927   0.04097   0.01077         0
   139/299     7.66G   0.03004  0.007957         0     0.038        30       416    0.8883    0.8348    0.8539    0.4001   0.03973   0.01045         0
   140/299     7.66G   0.02603  0.007761         0   0.03379        32       416    0.9157    0.7565    0.8384    0.4057   0.04022   0.01046         0
   141/299     7.66G   0.02482  0.007182         0     0.032        29       416    0.9255    0.7564    0.8333    0.3803   0.04003   0.01065         0
   142/299     7.66G   0.02647  0.006741         0   0.03321        35       416    0.8646    0.7216    0.7664    0.3511   0.04464   0.01083         0
   143/299     7.66G   0.02868  0.008169         0   0.03685        27       416    0.8671    0.7391    0.7874    0.3773   0.04231   0.01136         0
   144/299     7.66G   0.02597  0.008121         0   0.03409        46       416    0.8333    0.6954    0.7626    0.3773   0.04299   0.01266         0
   145/299     7.66G   0.02616  0.007929         0   0.03409        24       416    0.8446    0.7564    0.7826    0.3923   0.04049   0.01191         0
   146/299     7.66G    0.0265  0.007348         0   0.03385        28       416    0.8643    0.7217    0.7889    0.3775   0.04213   0.01302         0
   147/299     7.66G   0.02638  0.007167         0   0.03355        31       416    0.8414    0.7382    0.7814     0.374   0.04216   0.01319         0
   148/299     7.66G   0.02739  0.006837         0   0.03423        35       416    0.8332    0.7383    0.7964    0.3875     0.041   0.01186         0
   149/299     7.66G   0.02698  0.006465         0   0.03345        31       416    0.8199    0.7565    0.8049    0.3626   0.04265   0.01223         0
   150/299     7.66G   0.02792  0.006364         0   0.03428        21       416    0.8161    0.7739    0.8165    0.3924   0.04211   0.01176         0
   151/299     7.66G   0.02611  0.006765         0   0.03287        25       416    0.8173    0.8174     0.841    0.4075   0.04145     0.012         0
   152/299     7.66G    0.0274  0.006961         0   0.03436        33       416    0.8558    0.7738    0.8191    0.4252   0.04027   0.01217         0
   153/299     7.66G   0.02576  0.006392         0   0.03215        27       416    0.8834    0.7909    0.8348    0.4015   0.04239   0.01178         0
   154/299     7.66G   0.02371  0.006473         0   0.03018        20       416    0.8475    0.7739    0.7784    0.3874   0.04421   0.01246         0
   155/299     7.66G   0.02715  0.006944         0   0.03409        20       416    0.8923    0.7304    0.7774    0.4034   0.04125   0.01213         0
   156/299     7.66G   0.02483  0.007438         0   0.03227        34       416    0.9053    0.7478    0.8347    0.3983   0.04014   0.01151         0
   157/299     7.66G    0.0248  0.006404         0    0.0312        21       416    0.9082    0.7739      0.84    0.3961   0.04033    0.0119         0
   158/299     7.66G   0.02564  0.006943         0   0.03259        24       416    0.9008    0.7913    0.8203    0.4027   0.04115   0.01244         0
   159/299     7.66G   0.02337  0.006413         0   0.02979        25       416    0.8585    0.7912    0.8232    0.4249   0.04002   0.01217         0
   160/299     7.66G   0.02399  0.007342         0   0.03133        28       416    0.8344    0.7913    0.7979    0.3765     0.042   0.01254         0
   161/299     7.66G   0.02494  0.006459         0    0.0314        23       416    0.7863    0.7999      0.77    0.3626   0.04301   0.01346         0
   162/299     7.66G    0.0271  0.007464         0   0.03456        42       416    0.8936    0.7304    0.7697    0.3712   0.04238   0.01328         0
   163/299     7.66G   0.02693  0.006984         0   0.03391        33       416    0.8763    0.7391    0.7644    0.4068    0.0418   0.01319         0
   164/299     7.66G   0.02492  0.006578         0    0.0315        30       416    0.8804    0.7043    0.7639    0.3899   0.04163    0.0135         0
   165/299     7.66G   0.02305   0.00635         0    0.0294        27       416    0.8458    0.7652    0.7931    0.3967    0.0407   0.01293         0
   166/299     7.66G   0.02179  0.006043         0   0.02784        31       416    0.8597    0.7995    0.8323    0.4069   0.03942   0.01174         0
   167/299     7.66G   0.02363  0.006185         0   0.02982        24       416     0.864    0.7739    0.8166    0.4156   0.04019    0.0115         0
   168/299     7.66G   0.02349  0.006513         0   0.03001        32       416    0.8762    0.7391    0.8092    0.4231   0.04127   0.01169         0
   169/299     7.66G   0.02202  0.006336         0   0.02836        30       416    0.8652    0.7826    0.8116    0.4112   0.04105   0.01169         0
   170/299     7.66G   0.02221  0.005818         0   0.02802        28       416    0.8823    0.7825    0.8101    0.4115   0.04038   0.01158         0
   171/299     7.66G   0.02384  0.006974         0   0.03082        21       416    0.8898    0.7739    0.8111     0.425   0.03946   0.01173         0
   172/299     7.66G   0.02286  0.006647         0    0.0295        32       416    0.8699    0.7565    0.8198    0.4325   0.03991   0.01174         0
   173/299     7.66G   0.02138  0.005958         0   0.02734        30       416    0.8347    0.7913    0.8028    0.4181    0.0405   0.01145         0
   174/299     7.66G    0.0237   0.00682         0   0.03052        25       416    0.8958    0.7478    0.7923    0.4123   0.03858   0.01101         0
   175/299     7.66G   0.02548  0.007146         0   0.03262        38       416    0.8627    0.7652    0.7764    0.4024   0.03866   0.01126         0
   176/299     7.66G   0.02325  0.006167         0   0.02941        21       416    0.8878    0.7565    0.7827    0.4184   0.03807   0.01134         0
   177/299     7.66G   0.02166  0.007047         0   0.02871        29       416     0.913    0.7304    0.8109    0.4186   0.03952   0.01118         0
   178/299     7.66G    0.0218  0.005887         0   0.02769        25       416    0.8812    0.7737    0.8028    0.4386    0.0384   0.01175         0
   179/299     7.66G   0.02364   0.00632         0   0.02996        28       416    0.8476    0.7737    0.8066    0.4375   0.03854   0.01194         0
   180/299     7.66G   0.02378  0.007461         0   0.03125        46       416     0.803    0.8174    0.8266    0.4326   0.03922   0.01221         0
   181/299     7.66G   0.02194  0.006127         0   0.02807        38       416     0.911     0.713    0.8205    0.4218   0.04067    0.0131         0
   182/299     7.66G   0.02117  0.006321         0    0.0275        24       416    0.8529    0.7565    0.8118    0.4199   0.04027   0.01297         0
   183/299     7.66G   0.02006  0.006331         0   0.02639        37       416    0.8817     0.713     0.821      0.42    0.0407   0.01311         0
   184/299     7.66G   0.02153  0.006414         0   0.02794        27       416    0.8913    0.7128    0.8056    0.4377   0.04075   0.01339         0
   185/299     7.66G   0.02259  0.006012         0   0.02861        27       416    0.8653    0.7826    0.8221    0.4252   0.04078    0.0138         0
   186/299     7.66G   0.02279   0.00648         0   0.02927        29       416    0.8935    0.7304    0.8041    0.4216   0.04088   0.01335         0
   187/299     7.66G   0.02134  0.006325         0   0.02767        19       416    0.8956    0.7478    0.8096    0.4164   0.04029   0.01271         0
   188/299     7.66G   0.02139  0.006277         0   0.02767        37       416    0.8842    0.7303    0.7922    0.4255   0.04075   0.01302         0
   189/299     7.66G   0.02047   0.00654         0   0.02701        41       416     0.899    0.7739    0.8158    0.4168   0.04141   0.01271         0
   190/299     7.66G   0.02083  0.005945         0   0.02678        41       416    0.8958    0.7478    0.7958    0.4122   0.04252   0.01245         0
   191/299     7.66G   0.02367  0.006368         0   0.03004        37       416     0.875    0.7911     0.821    0.4149   0.04044   0.01205         0
   192/299     7.66G    0.0234  0.006336         0   0.02973        24       416    0.8932       0.8    0.8325    0.4115   0.04123   0.01213         0
   193/299     7.66G   0.02171  0.006029         0   0.02774        33       416    0.9028    0.7304    0.8179    0.4027   0.04277   0.01271         0
   194/299     7.66G   0.02217  0.006344         0   0.02851        37       416    0.9418    0.7038    0.8077    0.4001   0.04162   0.01279         0
   195/299     7.66G    0.0234   0.00637         0   0.02977        26       416    0.8784    0.6957    0.7744    0.4076   0.04155   0.01353         0
   196/299     7.66G   0.02343  0.005608         0   0.02903        15       416    0.7993    0.7652    0.7507    0.4059   0.04177   0.01419         0
   197/299     7.66G   0.02221  0.006226         0   0.02844        29       416    0.8497    0.7391    0.7543    0.4076    0.0414   0.01402         0
   198/299     7.66G    0.0203  0.005865         0   0.02617        17       416    0.8164    0.7735    0.8192    0.4276    0.0411   0.01356         0
   199/299     7.66G    0.0214   0.00662         0   0.02802        44       416    0.8318    0.7739    0.8233     0.426   0.04188   0.01389         0
   200/299     7.66G   0.02198  0.006951         0   0.02893        23       416    0.9126    0.7304    0.8604    0.4182   0.04233   0.01361         0
   201/299     7.66G   0.02074  0.005478         0   0.02622        22       416     0.842    0.7913    0.8363    0.4078   0.04184   0.01303         0
   202/299     7.66G   0.02009  0.005737         0   0.02582        28       416    0.8571    0.7825    0.8495    0.4095    0.0412   0.01344         0
   203/299     7.66G   0.02126  0.006047         0   0.02731        29       416    0.8364    0.7999    0.8489    0.4166   0.04084   0.01322         0
   204/299     7.66G   0.02047  0.005794         0   0.02627        27       416    0.8381    0.7652     0.828    0.4146   0.04141   0.01343         0
   205/299     7.66G   0.01893  0.005972         0    0.0249        36       416    0.8841    0.7304    0.8029    0.4071   0.04064    0.0141         0
   206/299     7.66G   0.02005  0.006112         0   0.02616        24       416    0.8678       0.8    0.8484    0.4226   0.04056   0.01424         0
   207/299     7.66G   0.01979  0.006502         0   0.02629        41       416    0.8426    0.7912    0.8413    0.4325   0.04051   0.01441         0
   208/299     7.66G   0.02001  0.006299         0   0.02631        30       416    0.8379    0.7652    0.8286    0.4233   0.04155   0.01469         0
   209/299     7.66G     0.019  0.005456         0   0.02446        18       416    0.7901    0.7565    0.7924    0.4288   0.04212    0.0149         0
   210/299     7.66G   0.01869  0.005671         0   0.02436        33       416    0.8515    0.7478    0.8169     0.435   0.04086   0.01453         0
   211/299     7.66G    0.0191  0.005255         0   0.02436        15       416    0.7878    0.8072    0.8208    0.4441   0.04127   0.01406         0
   212/299     7.66G   0.02019  0.006307         0    0.0265        19       416    0.8086    0.8082    0.8304    0.4445   0.04057   0.01398         0
   213/299     7.66G   0.02051  0.005514         0   0.02602        31       416    0.8936    0.7303    0.8152    0.4363   0.04079   0.01434         0
   214/299     7.66G   0.02038  0.005816         0   0.02619        36       416    0.9042     0.739    0.8002    0.4366   0.04101   0.01432         0
   215/299     7.66G    0.0204  0.005525         0   0.02593        32       416    0.8947    0.7391     0.816    0.4282   0.04047   0.01398         0
   216/299     7.66G   0.02183  0.005717         0   0.02755        25       416    0.8125    0.7913     0.826    0.4233    0.0403   0.01343         0
   217/299     7.66G   0.02046  0.006031         0   0.02649        24       416    0.8842    0.7303    0.8128      0.42   0.04008   0.01323         0
   218/299     7.66G   0.01871  0.005398         0    0.0241        34       416    0.8053    0.7913    0.8217    0.4073   0.04187   0.01298         0
   219/299     7.66G   0.02093   0.00608         0   0.02701        23       416    0.8462    0.7652    0.8237    0.4041    0.0426   0.01289         0
   220/299     7.66G   0.02287  0.005797         0   0.02866        32       416    0.8147    0.7652    0.8134    0.4154   0.04027   0.01337         0
   221/299     7.66G    0.0186  0.005744         0   0.02434        22       416    0.8035    0.7825    0.8054    0.4173   0.03949   0.01386         0
   222/299     7.66G    0.0171  0.005682         0   0.02278        37       416    0.8725    0.7739    0.8194    0.4254   0.03939   0.01366         0
   223/299     7.66G   0.01907  0.005275         0   0.02434        29       416    0.8125    0.7912    0.8158    0.4423   0.03846   0.01289         0
   224/299     7.66G   0.01935  0.005418         0   0.02477        24       416    0.8332    0.7826    0.8226     0.435   0.03917   0.01317         0
   225/299     7.66G   0.02039  0.006167         0   0.02655        29       416     0.849    0.7826    0.8264    0.4323   0.03847   0.01331         0
   226/299     7.66G   0.01748  0.005252         0   0.02273        22       416    0.8543    0.7652    0.7832    0.4188   0.04001   0.01401         0
   227/299     7.66G   0.01991  0.005632         0   0.02555        38       416      0.86    0.7477    0.7852    0.4217   0.04092   0.01456         0
   228/299     7.66G   0.01915  0.005593         0   0.02474        23       416    0.8317    0.7739    0.7898    0.4139   0.04153   0.01468         0
   229/299     7.66G   0.01763  0.005245         0   0.02287        31       416    0.8613    0.7565    0.7803    0.4147   0.04068   0.01455         0
   230/299     7.66G   0.01862  0.005611         0   0.02423        39       416    0.8558    0.7739    0.7851    0.4195   0.04101   0.01442         0
   231/299     7.66G   0.01913  0.005466         0   0.02459        17       416    0.8514    0.7478    0.7872    0.4263   0.04192    0.0146         0
   232/299     7.66G   0.01728  0.005149         0   0.02243        29       416    0.9119    0.7217     0.785    0.4213   0.04306   0.01503         0
   233/299     7.66G   0.01818  0.005431         0   0.02361        20       416    0.8922    0.7217    0.8126    0.4087   0.04235   0.01533         0
   234/299     7.66G   0.01623  0.004864         0    0.0211        32       416    0.8437    0.7565    0.8025    0.4118   0.04212   0.01501         0
   235/299     7.66G   0.01924  0.005651         0   0.02489        45       416     0.841    0.7826    0.8084    0.4095   0.04122   0.01477         0
   236/299     7.66G    0.0196  0.006283         0   0.02589        29       416    0.8378    0.8087    0.8149    0.4136   0.04124   0.01485         0
   237/299     7.66G   0.01774   0.00589         0   0.02363        33       416    0.8257    0.8261    0.8169     0.421   0.04103   0.01438         0
   238/299     7.66G   0.01708  0.004981         0   0.02206        35       416     0.844    0.7999     0.821    0.4282   0.03992   0.01413         0
   239/299     7.66G   0.01729  0.005895         0   0.02319        27       416    0.8358       0.8     0.808    0.4195   0.04045   0.01423         0
   240/299     7.66G   0.01689  0.004696         0   0.02159        24       416    0.7672    0.8348     0.814    0.4097   0.04041   0.01405         0
   241/299     7.66G   0.01877  0.005441         0   0.02421        25       416    0.7843    0.7913    0.8118    0.4034   0.04036   0.01381         0
   242/299     7.66G   0.01635  0.005101         0   0.02145        32       416    0.8365    0.7565     0.816     0.436   0.03913   0.01391         0
   243/299     7.66G   0.01647  0.005332         0    0.0218        27       416    0.8426    0.7913    0.8204    0.4274    0.0397   0.01346         0
   244/299     7.66G   0.01762  0.005608         0   0.02322        38       416    0.8302    0.8087    0.8168    0.4242   0.03984   0.01334         0
   245/299     7.66G   0.01716  0.005581         0   0.02274        24       416    0.8699    0.7565     0.811    0.4257   0.03928   0.01336         0
   246/299     7.66G   0.01576  0.004707         0   0.02047        29       416    0.9128    0.7304     0.813    0.4325   0.03934   0.01352         0
   247/299     7.66G   0.01688  0.005247         0   0.02212        47       416    0.8557    0.7739    0.8071    0.4276   0.03984   0.01379         0
   248/299     7.66G   0.01524  0.004933         0   0.02017        24       416    0.8505    0.7913    0.8047    0.4332   0.03966   0.01373         0
   249/299     7.66G   0.01707  0.005189         0   0.02226        29       416      0.88    0.7651    0.8211    0.4365   0.03956   0.01356         0
   250/299     7.66G   0.01428  0.005123         0   0.01941        22       416    0.8571    0.7825    0.8244    0.4363   0.04044   0.01378         0
   251/299     7.66G   0.01657  0.004915         0   0.02148        26       416    0.8439       0.8    0.8302    0.4222   0.04081   0.01396         0
   252/299     7.66G   0.01485  0.004924         0   0.01977        34       416    0.8654    0.7824    0.8162    0.4286   0.04085   0.01413         0
   253/299     7.66G   0.01503  0.004593         0   0.01962        22       416    0.8461    0.7651    0.8173    0.4373    0.0399   0.01404         0
   254/299     7.66G   0.01591   0.00489         0    0.0208        31       416    0.9245    0.7478    0.8132    0.4294   0.04005   0.01429         0
   255/299     7.66G   0.01791  0.005363         0   0.02327        32       416    0.8173    0.8174    0.8114    0.4302   0.03979    0.0141         0
   256/299     7.66G   0.01637  0.004841         0   0.02121        23       416     0.823    0.8087    0.8017    0.4387   0.03924   0.01409         0
   257/299     7.66G   0.01633  0.004806         0   0.02114        28       416    0.8711    0.7652     0.811    0.4397   0.03961   0.01383         0
   258/299     7.66G   0.01609  0.004728         0   0.02082        35       416    0.9229    0.7304     0.812    0.4402   0.04002   0.01385         0
   259/299     7.66G   0.01581  0.005392         0    0.0212        24       416     0.812     0.826    0.8165    0.4341   0.04013   0.01399         0
   260/299     7.66G    0.0164  0.005539         0   0.02194        26       416    0.8571    0.7826    0.8277    0.4387   0.04007   0.01399         0
   261/299     7.66G   0.01525  0.004668         0   0.01992        28       416    0.8611    0.8085    0.8291    0.4433   0.03928   0.01347         0
   262/299     7.66G   0.01585  0.005181         0   0.02103        31       416    0.9444    0.7391    0.8187    0.4325   0.03939   0.01402         0
   263/299     7.66G    0.0152  0.004673         0   0.01987        26       416    0.9655    0.7303    0.8219    0.4452   0.03852   0.01334         0
   264/299     7.66G   0.01476  0.005067         0   0.01983        22       416    0.9639    0.7043    0.8198    0.4392   0.03864    0.0133         0
   265/299     7.66G   0.01379  0.004587         0   0.01838        34       416    0.9127    0.7304    0.8123    0.4421   0.03856   0.01347         0
   266/299     7.66G   0.01484    0.0049         0   0.01974        15       416    0.9324    0.7217    0.8115    0.4412   0.03906   0.01357         0
   267/299     7.66G   0.01396  0.004117         0   0.01808        25       416    0.9229    0.7304    0.8178    0.4433   0.03884   0.01377         0
   268/299     7.66G   0.01519  0.004527         0   0.01971        30       416    0.7934    0.8346    0.8164     0.441   0.03916   0.01402         0
   269/299     7.66G   0.01528  0.004904         0   0.02019        36       416    0.8699    0.7565    0.8136    0.4412    0.0387   0.01409         0
   270/299     7.66G    0.0154  0.005081         0   0.02048        37       416    0.9424    0.7217     0.811    0.4277   0.03895   0.01446         0
   271/299     7.66G   0.01546  0.005522         0   0.02098        43       416     0.954    0.7216    0.8086    0.4342   0.03924   0.01452         0
   272/299     7.66G   0.01699  0.005797         0   0.02278        29       416    0.9323    0.7217    0.8138    0.4334   0.03978   0.01456         0
   273/299     7.66G   0.01551  0.005426         0   0.02094        29       416    0.9318     0.713    0.8065    0.4385    0.0401   0.01461         0
   274/299     7.66G   0.01361  0.004868         0   0.01848        30       416    0.9111     0.713    0.8017    0.4295   0.04097   0.01478         0
   275/299     7.66G   0.01416  0.004719         0   0.01888        25       416    0.9119    0.7217     0.795    0.4295   0.04144   0.01516         0
   276/299     7.66G   0.01448  0.004982         0   0.01946        29       416    0.9212     0.713    0.7962    0.4282   0.04173   0.01559         0
   277/299     7.66G   0.01506  0.005224         0   0.02029        29       416    0.9222    0.7217     0.782    0.4228   0.04124   0.01533         0
   278/299     7.66G   0.01408  0.005091         0   0.01917        38       416    0.9239    0.7391     0.792    0.4197   0.04089    0.0151         0
   279/299     7.66G   0.01454  0.004459         0     0.019        44       416     0.904    0.7391    0.8058    0.4196   0.04072   0.01493         0
   280/299     7.66G   0.01639  0.004751         0   0.02114        32       416    0.8936    0.7304    0.8068    0.4299   0.04052   0.01494         0
   281/299     7.66G   0.01487  0.004256         0   0.01912        33       416    0.9032    0.7304    0.8021     0.424   0.04062   0.01468         0
   282/299     7.66G   0.01626  0.004784         0   0.02105        19       416     0.913    0.7304    0.8049     0.427   0.04025   0.01463         0
   283/299     7.66G     0.014  0.005195         0    0.0192        34       416    0.9062    0.7565    0.8282    0.4324    0.0403   0.01462         0
   284/299     7.66G   0.01437  0.004233         0    0.0186        22       416    0.8725    0.7739    0.8391     0.439   0.04005   0.01445         0
   285/299     7.66G   0.01428   0.00481         0   0.01909        33       416      0.89    0.7739    0.8334    0.4318   0.04028   0.01467         0
   286/299     7.66G   0.01515  0.004545         0   0.01969        26       416      0.89    0.7739    0.8317    0.4261   0.04021   0.01481         0
   287/299     7.66G   0.01409  0.004484         0   0.01857        25       416    0.8654    0.7825    0.8294      0.43   0.04021   0.01491         0
   288/299     7.66G   0.01432  0.004606         0   0.01892        28       416     0.903    0.7304     0.822    0.4346    0.0403   0.01506         0
   289/299     7.66G   0.01317  0.004233         0   0.01741        29       416    0.9432    0.7217    0.8082    0.4333    0.0405   0.01505         0
   290/299     7.66G   0.01324   0.00464         0   0.01788        31       416    0.9326    0.7217    0.8193    0.4379   0.04075   0.01518         0
   291/299     7.66G    0.0133  0.004297         0    0.0176        24       416     0.931    0.7043    0.8158    0.4335   0.04056   0.01523         0
   292/299     7.66G    0.0146   0.00531         0   0.01991        21       416    0.9419    0.7043    0.8169    0.4377   0.04047   0.01544         0
   293/299     7.66G   0.01311  0.004435         0   0.01754        28       416    0.9309    0.7043    0.8171     0.442   0.03989   0.01535         0
   294/299     7.66G   0.01296  0.004371         0   0.01733        37       416     0.901     0.713    0.8057     0.435   0.04009   0.01511         0
   295/299     7.66G   0.01425  0.004824         0   0.01907        31       416    0.9212     0.713     0.817    0.4377   0.04006    0.0149         0
   296/299     7.66G   0.01262   0.00405         0   0.01667        14       416    0.9213     0.713     0.803    0.4322   0.03994   0.01467         0
   297/299     7.66G   0.01247   0.00465         0   0.01712        28       416    0.8381    0.7652     0.804    0.4308   0.03982   0.01465         0
   298/299     7.66G   0.01362  0.004469         0   0.01809        37       416    0.8396    0.7739    0.8091    0.4365   0.03989   0.01487         0
   299/299     7.66G   0.01412  0.004672         0    0.0188        21       416    0.8302    0.7651    0.7914    0.4293   0.03994   0.01496         0
