      0/14     1.61G   0.03727  0.009258         0   0.04653        27       416    0.9021     0.783    0.8538    0.4117   0.04268  0.008862         0
      1/14     5.29G     0.036  0.009078         0   0.04508        22       416    0.8694    0.7547     0.831    0.3834   0.04461  0.009141         0
      2/14     5.29G    0.0377   0.01023         0   0.04793        26       416    0.8585    0.7453    0.8228    0.3911   0.04442  0.009016         0
      3/14     5.29G   0.03987  0.009643         0   0.04952        28       416    0.8415    0.8019    0.8185    0.3532   0.04519   0.00909         0
      4/14     5.29G    0.0391  0.009246         0   0.04835        18       416    0.8645     0.783     0.823    0.3536   0.04537  0.009169         0
      5/14     5.29G   0.03975   0.01031         0   0.05006        24       416    0.8365    0.8208     0.835    0.3977   0.04319  0.008781         0
      6/14     5.29G   0.04135  0.008438         0   0.04979        17       416    0.8365    0.8206    0.8253    0.3894   0.04575   0.00851         0
      7/14     5.29G   0.04093  0.009284         0   0.05021        20       416    0.8155    0.7923    0.8151    0.3735   0.04564    0.0087         0
      8/14     5.29G   0.04034  0.009571         0   0.04991        29       416    0.8837    0.7165      0.81    0.3661   0.04602  0.008518         0
      9/14     5.29G   0.04065   0.00992         0   0.05057        39       416    0.8367    0.7735    0.8213    0.3456   0.04619  0.008764         0
     10/14     5.29G   0.03786  0.009712         0   0.04757        29       416    0.8617     0.764    0.8018    0.3583   0.04708  0.008636         0
     11/14     5.29G   0.03884   0.01109         0   0.04992        40       416    0.8485    0.7923    0.8137    0.3629   0.04528  0.009051         0
     12/14     5.29G   0.03782  0.009644         0   0.04747        24       416    0.8944    0.7991    0.8185    0.3668   0.04499  0.008936         0
     13/14     5.29G   0.03662  0.009783         0   0.04641        27       416    0.8673    0.8014    0.8255    0.3868   0.04406  0.008763         0
     14/14     5.29G   0.03751   0.01043         0   0.04794        27       416    0.8442    0.8208    0.8144    0.3879    0.0441  0.008604         0
