      0/14     6.04G   0.03811  0.009428         0   0.04754        20       416    0.8476    0.8392    0.8622    0.4188    0.0435  0.009171         0
      1/14     7.48G   0.03638  0.009748         0   0.04613        36       416    0.8395    0.8396    0.8475    0.4097   0.04417  0.009165         0
      2/14     7.48G   0.03569  0.009575         0   0.04526        13       416    0.8543    0.8302    0.8596    0.3911   0.04537  0.009002         0
      3/14     7.48G   0.03657   0.01019         0   0.04676        23       416    0.8749    0.7925    0.8398    0.3815   0.04461  0.009256         0
      4/14     7.48G    0.0385  0.009225         0   0.04773        16       416    0.9235    0.8019    0.8548    0.3878   0.04402  0.008963         0
      5/14     7.48G   0.03713   0.00944         0   0.04657        20       416    0.8694    0.7539    0.8082    0.3287    0.0458  0.009212         0
      6/14     7.48G   0.03942  0.009492         0   0.04891        24       416    0.8148    0.8302    0.8248    0.3623   0.04554   0.00924         0
      7/14     7.48G   0.03789   0.01059         0   0.04848        27       416    0.8569    0.7925    0.8395    0.3324   0.04666  0.009236         0
      8/14     7.48G   0.03716  0.008515         0   0.04567        32       416    0.7938    0.7264    0.7556    0.2315   0.05267  0.009047         0
      9/14     7.48G   0.03891  0.009378         0   0.04829        40       416    0.8659    0.7925    0.8303    0.3449   0.04596  0.009199         0
     10/14     7.48G   0.03927   0.01048         0   0.04975        33       416    0.8266    0.8113    0.8176    0.3523   0.04512  0.009167         0
     11/14     7.48G   0.03758   0.01009         0   0.04768        27       416    0.8913    0.7732    0.8304    0.3866   0.04374  0.008981         0
     12/14     7.48G    0.0379  0.009871         0   0.04777        23       416       0.8    0.8301     0.825    0.4005   0.04294  0.009143         0
     13/14     7.48G   0.03533   0.01018         0   0.04551        38       416     0.913    0.7925     0.855    0.4262   0.04257  0.008835         0
     14/14     7.49G   0.03578  0.008857         0   0.04464        22       416    0.9031    0.7925    0.8472    0.4075    0.0428  0.008909         0
