      0/14     1.66G   0.08073   0.01585         0   0.09659        37       416   0.09849    0.3113   0.07487   0.01202   0.07725   0.01522         0
      1/14     5.26G   0.08396   0.01697         0    0.1009        22       416    0.1231    0.2642   0.06679   0.01374   0.07783   0.01508         0
      2/14     5.26G   0.08096   0.01801         0   0.09897        27       416    0.1156     0.283   0.09025   0.01582   0.07656    0.0152         0
      3/14     5.26G   0.07809   0.01772         0   0.09581        20       416    0.1643    0.2075   0.08104   0.01674   0.07406   0.01539         0
      4/14     5.26G   0.07583   0.01819         0   0.09402        29       416    0.1352    0.2264   0.07535   0.01569   0.07284   0.01532         0
      5/14     5.26G   0.07714   0.01665         0   0.09379        26       416    0.2765     0.217    0.1595   0.04375    0.0725   0.01479         0
      6/14     5.26G   0.07343   0.01642         0   0.08985        21       416    0.2575    0.3019    0.1761   0.04819   0.07103   0.01476         0
      7/14     5.27G   0.07398   0.01797         0   0.09195        29       416    0.2574    0.3868    0.2253   0.07341   0.07112   0.01434         0
      8/14     5.27G   0.07207    0.0173         0   0.08937        38       416    0.4326    0.3491    0.2793   0.08579   0.06758   0.01446         0
      9/14     5.27G   0.06856   0.01651         0   0.08507        22       416    0.3194    0.3302     0.223   0.05979   0.06881   0.01423         0
     10/14     5.27G   0.06714   0.01687         0   0.08401        16       416    0.3391    0.3396    0.2236   0.07043    0.0663   0.01456         0
     11/14     5.27G   0.06971   0.01559         0    0.0853        26       416    0.4503    0.3585     0.312   0.09025   0.06566   0.01454         0
     12/14     5.27G   0.06724    0.0158         0   0.08304        14       416    0.4555    0.3491    0.2894   0.08958   0.06504   0.01471         0
     13/14     5.27G   0.06403   0.01621         0   0.08023        21       416    0.4532    0.3679    0.3355   0.09626   0.06541    0.0146         0
     14/14     5.27G   0.06397   0.01454         0   0.07852        23       416    0.4633    0.3585    0.3103    0.1021   0.06377   0.01484         0
