      0/14      6.2G   0.03891    0.0091         0   0.04801        28       416    0.8631    0.7733    0.8417    0.3741   0.04476  0.009011         0
      1/14     7.64G   0.03571   0.01011         0   0.04582        53       416    0.8311    0.7925    0.8292    0.3629   0.04521   0.00912         0
      2/14     7.64G   0.03743  0.009909         0   0.04734        35       416    0.8695    0.7544    0.8097    0.3684   0.04751  0.009071         0
      3/14     7.64G   0.03875   0.01056         0   0.04931        31       416    0.8103    0.7264    0.7889    0.2745   0.05018  0.008938         0
      4/14     7.64G   0.03968  0.009825         0    0.0495        32       416    0.8422    0.8055    0.8405    0.3789   0.04531  0.008963         0
      5/14     7.64G    0.0393  0.009824         0   0.04912        33       416    0.8383    0.7358    0.7965    0.3291   0.04832  0.008896         0
      6/14     7.64G   0.04221   0.01064         0   0.05285        47       416    0.8234    0.7925    0.8335    0.3575   0.04564  0.008871         0
      7/14     7.64G   0.04191  0.009885         0   0.05179        43       416    0.6026    0.7736    0.7092    0.2557   0.05311  0.008731         0
      8/14     7.64G   0.03933   0.01035         0   0.04968        38       416    0.8553    0.7264    0.8087    0.3636   0.04629  0.009047         0
      9/14     7.64G   0.04015  0.008951         0    0.0491        30       416    0.8181    0.8062    0.8381    0.3962   0.04439  0.009101         0
     10/14     7.64G   0.04107   0.01099         0   0.05205        45       416    0.8329    0.7547    0.8132    0.3894   0.04574  0.008817         0
     11/14     7.64G   0.04046    0.0104         0   0.05086        33       416    0.8888    0.7547    0.8424    0.3706   0.04412  0.008905         0
     12/14     7.64G   0.03854   0.01045         0   0.04898        50       416    0.8673    0.8019    0.8295    0.4016   0.04245  0.009056         0
     13/14     7.64G   0.03809   0.01015         0   0.04824        45       416    0.8414    0.8019    0.8134    0.3593   0.04534  0.009335         0
     14/14     7.64G   0.03869  0.009739         0   0.04842        44       416    0.8709    0.7638    0.8278    0.3851   0.04383  0.009201         0
