      0/14     1.38G   0.04501   0.01061         0   0.05562        48       416    0.7517    0.7453    0.7769    0.3549    0.0469  0.009773         0
      1/14     5.29G   0.04253   0.01052         0   0.05305        25       416    0.8234    0.6599    0.7655    0.3338   0.04788  0.009812         0
      2/14     5.29G   0.04534   0.01204         0   0.05738        38       416    0.7833    0.7162      0.75    0.2566   0.05305  0.009721         0
      3/14     5.29G   0.04511   0.01076         0   0.05587        19       416     0.728     0.783    0.7897    0.3299   0.05024  0.009823         0
      4/14     5.29G   0.04607    0.0119         0   0.05798        27       416    0.7976    0.7435    0.7952    0.3335   0.04894   0.00966         0
      5/14     5.29G   0.04437    0.0112         0   0.05557        25       416    0.6792    0.8019     0.775    0.3229   0.04848  0.009834         0
      6/14     5.29G   0.04752   0.01083         0   0.05834        39       416    0.7106    0.6981    0.7348    0.3065   0.04895   0.01004         0
      7/14     5.29G   0.04648   0.01092         0    0.0574        29       416     0.835    0.6698    0.7638    0.3616   0.04792  0.009576         0
      8/14     5.29G   0.04264   0.01117         0    0.0538        29       416    0.7181     0.745    0.7387    0.2887   0.05093  0.009392         0
      9/14     5.29G     0.043   0.01115         0   0.05415        20       416    0.7667    0.7439    0.7701     0.345   0.04714  0.009471         0
     10/14     5.29G   0.04287   0.01152         0   0.05439        23       416    0.7969    0.7453    0.7758    0.3146   0.04862  0.009529         0
     11/14     5.29G   0.04415   0.01024         0    0.0544        37       416    0.7618    0.7736    0.7515     0.342   0.04705  0.009413         0
     12/14     5.29G   0.04457   0.01234         0   0.05691        29       416    0.8035    0.7358    0.7607    0.3336   0.04711  0.009584         0
     13/14     5.29G   0.04304   0.01161         0   0.05465        33       416    0.7958    0.7352    0.7763    0.3381   0.04696  0.009913         0
     14/14     5.29G   0.04298   0.01171         0   0.05469        29       416    0.7753     0.783    0.8051    0.3637    0.0458  0.009874         0
