      0/14     1.22G   0.05598   0.01274         0   0.06873         8       416    0.4764    0.5064    0.4501    0.1813   0.05944   0.01334         0
      1/14     5.37G   0.05899   0.01279         0   0.07178         7       416    0.5212    0.5472    0.4978    0.1913   0.05854   0.01332         0
      2/14     5.37G    0.0548   0.01261         0   0.06741         7       416    0.4858     0.566    0.5008    0.1868    0.0578   0.01313         0
      3/14     5.37G   0.05853   0.01418         0    0.0727        13       416    0.3331    0.5182    0.3203   0.09549   0.06418   0.01259         0
      4/14     5.37G   0.05766   0.01417         0   0.07182         6       416    0.4159    0.5849    0.4543    0.1629   0.05854   0.01247         0
      5/14     5.37G    0.0562   0.01229         0    0.0685         6       416     0.533     0.434    0.4284    0.1229   0.06126   0.01211         0
      6/14     5.37G   0.05949   0.01243         0   0.07192         7       416    0.4165    0.4717    0.3947    0.1132   0.06503   0.01218         0
      7/14     5.37G   0.05825   0.01203         0   0.07028         4       416    0.7027    0.4528    0.5145    0.1927   0.05877   0.01219         0
      8/14     5.37G   0.05873   0.01155         0   0.07028         1       416    0.4527    0.5619    0.4837    0.1605   0.05972   0.01147         0
      9/14     5.37G   0.05873   0.01144         0   0.07016         8       416    0.6538    0.4811    0.5234    0.1833   0.06055     0.011         0
     10/14     5.37G   0.05366    0.0125         0   0.06616         5       416     0.542     0.547    0.5184    0.1799   0.06065   0.01081         0
     11/14     5.37G   0.05446   0.01244         0   0.06691         4       416    0.5326    0.5377     0.549    0.2048   0.05756   0.01151         0
     12/14     5.37G   0.05374   0.01072         0   0.06446         6       416    0.6181    0.5377    0.5532    0.2112   0.05621   0.01148         0
     13/14     5.37G   0.05571   0.01252         0   0.06823         8       416    0.6858    0.5566    0.6056    0.2231   0.05752   0.01136         0
     14/14     5.37G   0.05237   0.01245         0   0.06483         7       416     0.651    0.5472    0.5849    0.2312   0.05591   0.01146         0
