      0/14     1.05G    0.1129   0.01568         0    0.1285         6       416  0.001051    0.1698 0.0002068 2.843e-05    0.1095   0.01639         0
      1/14     6.17G    0.1082   0.01637         0    0.1245        11       416  0.001654    0.2642 0.0005197 7.716e-05    0.1042   0.01516         0
      2/14     7.61G    0.1042   0.01682         0     0.121        14       416  0.002069    0.2925 0.0007935  0.000115    0.1023   0.01369         0
      3/14     7.61G   0.09873   0.01604         0    0.1148        12       416  0.003503     0.263  0.001417 0.0002385    0.1003   0.01325         0
      4/14     7.61G   0.09786   0.01648         0    0.1143         9       416  0.004607    0.1887  0.001948 0.0003632   0.09995   0.01231         0
      5/14     7.61G   0.09505    0.0173         0    0.1124         7       416   0.01422    0.1509  0.004697 0.0007344   0.09681   0.01258         0
      6/14     7.61G   0.09461   0.01574         0    0.1103        10       416   0.01191    0.1415  0.006527  0.001135   0.09218   0.01344         0
      7/14     7.61G   0.09185   0.01509         0    0.1069        14       416   0.03978   0.03774   0.00723  0.001143   0.09065   0.01355         0
      8/14     7.61G    0.0915   0.01669         0    0.1082        15       416   0.02577   0.08491  0.009862   0.00196   0.08812   0.01364         0
      9/14     7.61G   0.08946   0.01688         0    0.1063        16       416   0.05681   0.06139   0.01655  0.003714   0.08708   0.01367         0
     10/14     7.61G   0.08594   0.01764         0    0.1036         7       416   0.06992   0.08491   0.02503   0.00506    0.0853   0.01393         0
     11/14     7.61G   0.07988   0.01662         0    0.0965        12       416   0.05622   0.09434   0.02116  0.004871   0.08398   0.01411         0
     12/14     7.61G   0.08573   0.01541         0    0.1011         6       416   0.04714    0.3019   0.03897  0.007787   0.08177   0.01455         0
     13/14     7.61G   0.08663   0.01568         0    0.1023         9       416    0.1458    0.1321   0.07083   0.01273   0.07911   0.01481         0
     14/14     7.61G   0.08011   0.01702         0   0.09713        11       416    0.1082    0.3302    0.1185   0.02162   0.07722   0.01499         0
