      0/14     1.39G   0.05504   0.01286         0    0.0679        42       416    0.7034    0.5377    0.5989    0.2558   0.05392   0.01177         0
      1/14     5.27G   0.05341   0.01186         0   0.06526        24       416    0.5978    0.6029    0.6052    0.2323   0.05466   0.01169         0
      2/14     5.27G   0.04963   0.01129         0   0.06092        15       416    0.5485    0.6321    0.5908    0.2118   0.05795    0.0115         0
      3/14     5.27G   0.05255   0.01303         0   0.06558        33       416    0.5776    0.6604     0.602    0.2315   0.05566   0.01136         0
      4/14     5.27G   0.05179   0.01355         0   0.06534        17       416    0.6297    0.5472    0.5855    0.2177   0.05684   0.01127         0
      5/14     5.27G   0.05473   0.01135         0   0.06608        15       416    0.6179    0.6409    0.6223    0.2433   0.05365   0.01074         0
      6/14     5.27G   0.05271   0.01212         0   0.06483        28       416    0.6057    0.5942    0.5836    0.1919   0.05735   0.01059         0
      7/14     5.27G   0.05473   0.01319         0   0.06792        31       416    0.5789    0.5837    0.5697    0.2374   0.05384   0.01081         0
      8/14     5.27G   0.05383   0.01203         0   0.06586        20       416    0.6047    0.6205    0.5967    0.2353   0.05422   0.01081         0
      9/14     5.27G   0.05117   0.01048         0   0.06165        14       416    0.5993    0.6415    0.5872    0.1979   0.06062   0.01012         0
     10/14     5.27G   0.04909   0.01175         0   0.06084        11       416    0.6829    0.6509    0.6324    0.2552   0.05403   0.01022         0
     11/14     5.27G   0.05213   0.01217         0    0.0643        33       416    0.7221    0.6128    0.6332    0.2737   0.05399   0.01014         0
     12/14     5.27G   0.05068   0.01064         0   0.06132        17       416     0.739     0.641    0.6692     0.282   0.05231   0.01055         0
     13/14     5.27G   0.04866   0.01075         0   0.05941        17       416    0.7329    0.6321    0.6597    0.2746   0.05251   0.01054         0
     14/14     5.27G   0.05049   0.01291         0   0.06339        37       416    0.6884    0.6887    0.6788    0.2905   0.05132   0.01089         0
