      0/14     6.23G   0.04053  0.009809         0   0.05034         9       416    0.8899    0.7642    0.8323    0.3955   0.04513  0.008632         0
      1/14     7.67G   0.03748  0.009107         0   0.04659         5       416    0.9111    0.7734    0.8455    0.3841   0.04443  0.008847         0
      2/14     7.67G   0.03765   0.01045         0    0.0481        10       416     0.902     0.783    0.8392    0.3434    0.0459  0.008914         0
      3/14     7.67G   0.04022   0.01029         0   0.05051        11       416    0.7377    0.7163    0.7395    0.2009   0.05303  0.008685         0
      4/14     7.67G   0.04144  0.009419         0   0.05086         8       416     0.828     0.772    0.7983    0.3332   0.04925  0.008964         0
      5/14     7.67G   0.04127   0.01042         0    0.0517        10       416    0.7454    0.7735     0.781    0.3098    0.0513  0.009204         0
      6/14     7.67G   0.04271  0.009343         0   0.05205        16       416    0.8437     0.764     0.773    0.2662   0.05036  0.008966         0
      7/14     7.67G   0.04165   0.01051         0   0.05216        15       416    0.8411    0.8019    0.8122    0.3403   0.04686   0.00891         0
      8/14     7.67G   0.04124  0.009923         0   0.05116        11       416    0.7713    0.7642     0.781    0.2916   0.04676  0.009089         0
      9/14     7.67G   0.04227   0.01013         0   0.05241         8       416    0.7924    0.8019    0.8048     0.292   0.04866  0.008833         0
     10/14     7.67G   0.03925  0.009829         0   0.04908         5       416    0.8252    0.8113     0.826    0.3874   0.04395  0.008975         0
     11/14     7.67G   0.03875   0.01142         0   0.05017        19       416    0.8485    0.7924    0.8183    0.3555   0.04548  0.008808         0
     12/14     7.67G   0.04127   0.01108         0   0.05235        15       416    0.8366    0.7736    0.8085    0.3258   0.04715  0.009225         0
     13/14     7.67G    0.0372    0.0104         0    0.0476        13       416    0.8638    0.8376    0.8504    0.4078   0.04314  0.009012         0
     14/14     7.67G   0.03831   0.01022         0   0.04852        18       416    0.8395    0.8396    0.8579    0.4091   0.04379   0.00898         0
