      0/14     1.04G     0.048   0.01131         0    0.0593         4       416    0.7626    0.6971     0.717    0.2898   0.05198  0.009796         0
      1/14     5.32G    0.0476   0.01202         0   0.05962         5       416    0.7276    0.7075      0.71    0.2928    0.0516  0.009969         0
      2/14     5.32G   0.04568   0.01194         0   0.05762         2       416     0.663    0.7239    0.7017    0.2935   0.05148   0.01011         0
      3/14     5.32G   0.04773   0.01193         0   0.05966         6       416    0.6243    0.6132    0.6359    0.2484   0.05305   0.01012         0
      4/14     5.32G   0.05129   0.01179         0   0.06308        12       416    0.6207    0.4717    0.5658    0.2015   0.05453  0.009938         0
      5/14     5.32G   0.05098   0.01066         0   0.06165         3       416    0.4058    0.6509    0.5408    0.1735   0.06034  0.009759         0
      6/14     5.32G    0.0535    0.0125         0     0.066         8       416    0.4862    0.6698    0.5328    0.1871   0.05683  0.009922         0
      7/14     5.32G   0.05176   0.01208         0   0.06384         4       416     0.609     0.632    0.6496    0.2281   0.05443   0.01004         0
      8/14     5.32G    0.0487   0.01206         0   0.06075         2       416     0.518    0.6604    0.5623    0.1772   0.05817  0.009895         0
      9/14     5.32G   0.04615    0.0109         0   0.05706         0       416    0.4469     0.465    0.3385   0.09789   0.06466  0.009992         0
     10/14     5.32G   0.05503   0.01163         0   0.06666         3       416    0.7297    0.6887    0.7141    0.3145    0.0488   0.01008         0
     11/14     5.32G   0.04504   0.01108         0   0.05612         7       416    0.7377    0.7165    0.7082     0.257   0.05191  0.009895         0
     12/14     5.32G   0.04763   0.01112         0   0.05875         4       416    0.7598     0.717    0.7236    0.2857    0.0496      0.01         0
     13/14     5.32G   0.04592   0.01306         0   0.05898         2       416    0.7891    0.7075    0.7409    0.3065   0.04983   0.01013         0
     14/14     5.32G   0.04554   0.01148         0   0.05702         2       416    0.7705    0.7075    0.7467    0.3251   0.04947   0.01015         0
