      0/14    0.818G   0.04146   0.01076         0   0.05222         4       416    0.7154    0.8302    0.8029    0.3117    0.0479  0.009695         0
      1/14     5.35G   0.04457   0.01207         0   0.05664         8       416    0.8169    0.7154    0.7934     0.318   0.04805  0.009459         0
      2/14     5.35G   0.04404   0.01361         0   0.05764        11       416    0.7495    0.7358    0.7579    0.3634   0.04681  0.009152         0
      3/14     5.35G   0.04329   0.01154         0   0.05482         5       416     0.608    0.6887    0.6554    0.1667    0.0572  0.009269         0
      4/14     5.35G   0.04165   0.01087         0   0.05252         1       416    0.7499    0.7639    0.7628    0.2528   0.05319  0.009202         0
      5/14     5.35G   0.04183   0.01018         0   0.05201         0       416    0.6442    0.7358    0.7043    0.2809   0.04971  0.009381         0
      6/14     5.35G   0.04723   0.01319         0   0.06042         7       416    0.4546    0.6685    0.5573    0.1897   0.06045  0.008758         0
      7/14     5.35G   0.04476   0.01113         0   0.05589         4       416    0.7717    0.7358    0.7655    0.3127   0.04999  0.009026         0
      8/14     5.35G   0.04392   0.01336         0   0.05728         6       416    0.6044    0.6792    0.6504    0.1978   0.05676  0.008874         0
      9/14     5.35G   0.04082   0.01025         0   0.05107         1       416    0.7849    0.6885    0.7648    0.3258   0.04988  0.009063         0
     10/14     5.35G   0.04747   0.01206         0   0.05953        10       416    0.6885    0.6881     0.686    0.2514   0.05173  0.008965         0
     11/14     5.35G   0.04596   0.01241         0   0.05836         7       416    0.8117    0.6981    0.7461    0.2891   0.05127  0.009026         0
     12/14     5.35G   0.04225   0.01136         0    0.0536         8       416    0.7522    0.8017    0.7683     0.333   0.04777  0.009015         0
     13/14     5.35G   0.04051   0.01016         0   0.05066         2       416    0.7348    0.8113    0.7726    0.3382   0.04722  0.009538         0
     14/14     5.35G   0.04144   0.01132         0   0.05277         3       416    0.8297    0.7353    0.7796    0.3574   0.04623  0.009767         0
