      0/14     1.52G   0.04536   0.01144         0    0.0568        18       416    0.7751    0.7152    0.7548    0.3263   0.04746    0.0102         0
      1/14     5.28G   0.04359   0.01123         0   0.05482        20       416    0.7098    0.7155    0.7248    0.3216   0.04841   0.01012         0
      2/14     5.28G   0.04619   0.01226         0   0.05845        20       416    0.7224    0.6874    0.6888    0.2846   0.05237  0.009959         0
      3/14     5.28G   0.04507   0.01144         0   0.05652        15       416     0.736    0.6313    0.7081    0.3167   0.04986   0.01028         0
      4/14     5.28G   0.05054   0.01191         0   0.06245        19       416    0.6546    0.7152    0.7028    0.3107    0.0503   0.01017         0
      5/14     5.28G   0.04616   0.01089         0   0.05706        19       416    0.7227    0.6885    0.6895    0.2761   0.05062   0.01032         0
      6/14     5.28G     0.048   0.01242         0   0.06042        24       416    0.6946    0.6887     0.711    0.2723   0.05221   0.01025         0
      7/14     5.28G   0.04907   0.01189         0   0.06096        21       416    0.7113    0.6509    0.6829    0.2724   0.05211  0.009998         0
      8/14     5.28G   0.04478   0.01182         0    0.0566         9       416    0.7444    0.6319    0.6854    0.2751   0.05246  0.009712         0
      9/14     5.28G   0.04726   0.01174         0     0.059        20       416    0.6924    0.6415    0.6492    0.2021   0.05498  0.009386         0
     10/14     5.28G   0.04535   0.01151         0   0.05686        24       416    0.7862    0.6698    0.7457    0.3299    0.0489  0.009675         0
     11/14     5.28G   0.04426  0.009773         0   0.05404        24       416    0.7547    0.7546    0.7656    0.3193   0.04925  0.009504         0
     12/14     5.28G   0.04484   0.01189         0   0.05673        17       416    0.7691     0.754    0.7895    0.3515   0.04734  0.009666         0
     13/14     5.28G   0.04503   0.01362         0   0.05865        22       416    0.8225    0.6792    0.7493    0.3395   0.04729   0.01003         0
     14/14     5.28G    0.0429   0.01094         0   0.05384        18       416    0.7698    0.7254    0.7592    0.3497   0.04677  0.009856         0
