      0/14     1.28G   0.04148  0.009707         0   0.05119        18       416    0.8366    0.7264    0.7937    0.3299   0.04737  0.009073         0
      1/14     5.34G   0.03998   0.01012         0   0.05009        11       416    0.7639    0.7642    0.7792    0.3577    0.0454  0.009338         0
      2/14     5.34G   0.03996   0.01098         0   0.05094        13       416    0.7998    0.7161    0.7727     0.313   0.04784  0.009179         0
      3/14     5.34G   0.04345   0.01136         0   0.05481        11       416     0.798    0.7452    0.7828    0.3122    0.0492  0.008971         0
      4/14     5.34G   0.04239   0.01134         0   0.05373        18       416    0.7352    0.7073    0.7182    0.2646   0.05156  0.009308         0
      5/14     5.34G   0.04687   0.01156         0   0.05843        22       416    0.7225     0.717    0.7722    0.3175   0.05121  0.009193         0
      6/14     5.35G   0.04553   0.01034         0   0.05586        14       416    0.7499    0.6789    0.7258    0.3192   0.05119   0.00886         0
      7/14     5.35G   0.04512    0.0103         0   0.05542        20       416     0.704    0.7642    0.7472    0.2648   0.05001  0.008983         0
      8/14     5.35G   0.04435   0.01161         0   0.05596        12       416    0.8058     0.783    0.8103    0.3652   0.04629    0.0089         0
      9/14     5.35G   0.04262   0.01087         0   0.05349        11       416    0.7149    0.6887    0.6466     0.194   0.05284  0.009256         0
     10/14     5.35G   0.04391  0.009957         0   0.05387        16       416    0.8555    0.7264    0.7899    0.3315   0.04802  0.009221         0
     11/14     5.35G   0.04497   0.01133         0   0.05631        17       416    0.7446    0.6875    0.7484    0.3028   0.05106  0.009286         0
     12/14     5.35G   0.04416   0.01147         0   0.05563         7       416    0.7297    0.7641     0.762    0.3481   0.04654   0.00974         0
     13/14     5.35G   0.04161   0.01067         0   0.05228        19       416    0.7657    0.7736    0.7939    0.3442   0.04652  0.009666         0
     14/14     5.35G   0.04094   0.01082         0   0.05176        17       416    0.7829     0.783     0.808    0.3888   0.04386  0.009396         0
