      0/14     1.43G   0.06182   0.01362         0   0.07543        38       416    0.4625    0.3774    0.3352    0.1078   0.06376   0.01502         0
      1/14     5.27G   0.06695   0.01392         0   0.08086        23       416      0.48    0.3679    0.3566    0.1192   0.06274     0.015         0
      2/14     5.27G    0.0619   0.01534         0   0.07724        34       416    0.4492    0.3774    0.3275    0.1151   0.06396    0.0149         0
      3/14     5.27G   0.06222   0.01502         0   0.07724        23       416    0.6085    0.3667     0.392    0.1337   0.06306   0.01487         0
      4/14     5.27G   0.06226   0.01294         0   0.07519        17       416    0.6258    0.4057    0.4478    0.1324   0.06265    0.0149         0
      5/14     5.27G    0.0625   0.01453         0   0.07704        34       416    0.5402    0.3679    0.4015    0.1111   0.06417    0.0144         0
      6/14     5.27G   0.05975   0.01285         0    0.0726        31       416    0.6527    0.3302    0.4214     0.115   0.06562   0.01343         0
      7/14     5.27G   0.06106   0.01548         0   0.07655        29       416    0.5527    0.3868    0.4101    0.1336   0.06566   0.01438         0
      8/14     5.27G   0.06062    0.0148         0   0.07541        44       416    0.5285    0.4151    0.4194    0.1395   0.06438   0.01362         0
      9/14     5.27G   0.05519    0.0132         0   0.06839        30       416    0.4566    0.5472    0.4578    0.1654    0.0615   0.01335         0
     10/14     5.27G   0.05918   0.01419         0   0.07336        28       416    0.4599    0.4434    0.3634    0.1216   0.06194    0.0136         0
     11/14     5.27G   0.05827   0.01398         0   0.07225        26       416    0.7236    0.3952    0.4684    0.1899   0.06101   0.01395         0
     12/14     5.27G   0.05815   0.01227         0   0.07042        24       416    0.6716    0.3859    0.4521    0.1545   0.06214   0.01381         0
     13/14     5.27G   0.05751   0.01354         0   0.07105        31       416    0.5135    0.5376     0.479    0.1899   0.05944    0.0134         0
     14/14     5.27G   0.05394   0.01312         0   0.06706        35       416    0.5175    0.5363    0.4771    0.1727   0.06018   0.01304         0
