      0/14     1.78G   0.04937   0.01164         0   0.06101        53       416    0.6726    0.6978    0.6706    0.2894   0.05187   0.01083         0
      1/14     5.28G     0.047   0.01212         0   0.05912        32       416    0.6877    0.7063    0.6794    0.2895   0.05184   0.01073         0
      2/14     5.28G   0.05115   0.01254         0   0.06369        33       416    0.6632    0.7075    0.6502    0.2861   0.05119   0.01079         0
      3/14     5.28G   0.04833   0.01155         0   0.05987        23       416    0.6335    0.6034    0.5964    0.2397   0.05422   0.01052         0
      4/14     5.28G   0.05013   0.01141         0   0.06154        22       416    0.7179    0.6038    0.6476    0.2659   0.05226    0.0109         0
      5/14     5.28G   0.05048   0.01195         0   0.06243        22       416    0.7328    0.6211    0.6704    0.2946   0.05146   0.01084         0
      6/14     5.28G   0.05095    0.0121         0   0.06305        24       416    0.7118    0.7075    0.6834    0.2977   0.05214   0.01044         0
      7/14     5.28G   0.04967   0.01143         0   0.06111        28       416    0.6484    0.6792    0.6562    0.2463   0.05326   0.00997         0
      8/14     5.28G     0.049   0.01162         0   0.06062        23       416    0.6842    0.6132    0.6465    0.2558   0.05585  0.009841         0
      9/14     5.28G   0.04963   0.01113         0   0.06076        35       416    0.7334    0.6509    0.6784    0.2841   0.05199  0.009984         0
     10/14     5.28G   0.04819   0.01187         0   0.06006        27       416     0.775    0.6509    0.6962    0.3011   0.05218  0.009687         0
     11/14     5.28G   0.04844   0.01203         0   0.06047        38       416    0.7352    0.7075     0.738     0.301   0.05054  0.009817         0
     12/14     5.28G    0.0479   0.01061         0    0.0585        28       416    0.7596    0.6604    0.7033     0.302   0.05069   0.01004         0
     13/14     5.28G    0.0477   0.01152         0   0.05922        31       416    0.7399    0.6976    0.7137     0.303   0.05097   0.01013         0
     14/14     5.28G   0.04572   0.01226         0   0.05798        48       416    0.7316    0.6981    0.7094    0.2846    0.0513   0.01012         0
