      0/14     1.19G   0.03697  0.009717         0   0.04668        15       416    0.8686    0.8108    0.8434    0.3875   0.04314   0.00903         0
      1/14     5.32G   0.03788   0.01035         0   0.04824         9       416    0.8666    0.8019    0.8341    0.3551   0.04455  0.009015         0
      2/14     5.32G   0.03675  0.009335         0   0.04609        12       416    0.8445    0.8208    0.8403    0.4068    0.0437  0.008748         0
      3/14     5.32G   0.03956   0.01113         0   0.05069        16       416     0.898    0.8301    0.8563    0.3552   0.04485  0.008833         0
      4/14     5.32G   0.03986  0.009934         0   0.04979        19       416    0.8274    0.7736     0.801    0.3613   0.04616  0.009275         0
      5/14     5.32G   0.04031   0.01005         0   0.05036         8       416    0.8617    0.7638    0.8208    0.3684   0.04754  0.008781         0
      6/14     5.32G   0.04086   0.01029         0   0.05116        11       416    0.8331    0.8019    0.8043    0.3218   0.04964   0.00883         0
      7/14     5.32G   0.04143  0.009925         0   0.05135        19       416    0.8631     0.717    0.8117    0.3688   0.04745  0.008902         0
      8/14     5.32G   0.04069  0.009919         0   0.05061         9       416    0.7699     0.726    0.7518    0.2715   0.04985  0.008749         0
      9/14     5.32G   0.03796  0.009744         0    0.0477         9       416    0.8333    0.8018    0.8118    0.3289   0.04785  0.009057         0
     10/14     5.32G   0.03988   0.01116         0   0.05104        20       416    0.8875    0.7453    0.8217    0.3375   0.04767  0.008822         0
     11/14     5.32G   0.03845   0.01057         0   0.04903        11       416    0.8828     0.783    0.8356    0.3503   0.04666    0.0088         0
     12/14     5.32G    0.0374   0.01154         0   0.04894        22       416    0.8741    0.7925    0.8295    0.3558   0.04546  0.009053         0
     13/14     5.32G   0.03668  0.009629         0   0.04631        16       416    0.9041    0.8019    0.8478    0.3662   0.04467  0.009007         0
     14/14     5.32G   0.03614   0.01092         0   0.04706        15       416    0.8774    0.8113    0.8449    0.4002   0.04366  0.008958         0
