      0/14     2.03G   0.03658  0.009599         0   0.04618        27       416    0.8922     0.783    0.8496    0.4105   0.04234  0.009003         0
      1/14     5.27G   0.03569   0.00955         0   0.04524        41       416      0.89    0.7642    0.8421    0.4134   0.04435  0.008719         0
      2/14     5.27G   0.03749   0.01009         0   0.04758        47       416    0.8514    0.8113    0.8361    0.3472   0.04648  0.008675         0
      3/14     5.27G   0.03975    0.0106         0   0.05035        39       416    0.7904     0.783     0.793    0.2959   0.04948  0.009211         0
      4/14     5.27G   0.04146   0.01083         0   0.05228        56       416    0.8431    0.8112    0.8538     0.382   0.04486  0.009301         0
      5/14     5.27G   0.03827  0.008907         0   0.04718        32       416    0.8546    0.7264    0.8042     0.374   0.04518  0.009079         0
      6/14     5.27G   0.04329   0.00955         0   0.05284        35       416    0.8211    0.7358    0.7581    0.2525   0.05036  0.009084         0
      7/14     5.27G   0.03942  0.009689         0   0.04911        41       416     0.832    0.7547    0.8111    0.3184   0.04868  0.009008         0
      8/14     5.27G   0.03965  0.009179         0   0.04883        33       416    0.8136    0.7822    0.8042    0.2801   0.04787  0.008884         0
      9/14     5.27G   0.03921   0.01004         0   0.04926        40       416    0.8416    0.8019    0.8361    0.3874    0.0448  0.009027         0
     10/14     5.27G   0.03754   0.01051         0   0.04805        41       416     0.796    0.7736    0.7848     0.322   0.04944  0.009396         0
     11/14     5.27G   0.03803  0.009941         0   0.04797        44       416    0.8787    0.8204    0.8218    0.3894   0.04458  0.008944         0
     12/14     5.27G   0.03858   0.01022         0    0.0488        28       416    0.8514    0.8113    0.8123    0.3706   0.04433  0.009011         0
     13/14     5.27G   0.03698   0.00995         0   0.04693        42       416    0.8912    0.7736    0.8248    0.3828   0.04564  0.008802         0
     14/14     5.27G   0.03589  0.009619         0   0.04551        32       416    0.8522    0.7642    0.8177    0.4095   0.04429  0.008853         0
