      0/14     5.79G   0.03804  0.009613         0   0.04765        15       416    0.8803    0.7632    0.8486    0.4073   0.04438  0.009276         0
      1/14     7.23G   0.03589   0.01074         0   0.04663        20       416    0.8466     0.783    0.8364    0.3883   0.04428  0.009244         0
      2/14     7.23G   0.03491  0.009158         0   0.04407        14       416      0.85    0.8018    0.8462    0.3722   0.04589  0.009103         0
      3/14     7.23G   0.03924  0.009942         0   0.04918         3       416    0.8554    0.7255    0.8242      0.34   0.04759   0.00944         0
      4/14     7.23G   0.03942   0.01165         0   0.05107        21       416       0.8    0.7925    0.7998    0.3538   0.04537  0.009513         0
      5/14     7.23G   0.03914  0.008835         0   0.04797         8       416    0.7471    0.7804    0.7783    0.3321   0.04837   0.00922         0
      6/14     7.23G   0.04083   0.01005         0   0.05089        20       416    0.8719    0.7062    0.8035    0.3196    0.0474  0.008758         0
      7/14     7.23G   0.03924    0.0102         0   0.04944        21       416     0.804    0.7358    0.7623    0.2594   0.04971  0.008864         0
      8/14     7.23G   0.03757    0.0106         0   0.04817        14       416    0.8681    0.7453    0.7879    0.2601   0.05266  0.009086         0
      9/14     7.23G   0.04045   0.01033         0   0.05077         6       416     0.881    0.7736    0.8316    0.3902   0.04478  0.009104         0
     10/14     7.23G   0.03733    0.0106         0   0.04793         3       416     0.806    0.7075    0.7438    0.2636   0.05084  0.009505         0
     11/14     7.23G   0.03575  0.009116         0   0.04487         9       416    0.8526     0.764    0.8063    0.3877   0.04403  0.009432         0
     12/14     7.26G   0.03506     0.011         0   0.04606        18       416    0.8144    0.8302    0.8387    0.4098   0.04159  0.009108         0
     13/14     7.26G   0.03677   0.00974         0   0.04651         4       416     0.789    0.8113    0.8133    0.3495   0.04571  0.009043         0
     14/14     7.26G   0.03778   0.01021         0   0.04799        13       416     0.813    0.8205    0.8205    0.4147   0.04264  0.009164         0
