      0/14     1.69G   0.04145   0.01034         0    0.0518        23       416     0.785    0.7925    0.8081    0.3886   0.04398  0.009423         0
      1/14     5.29G   0.03866   0.01079         0   0.04946        35       416    0.8493    0.7446    0.8105    0.3415     0.046  0.009365         0
      2/14     5.29G   0.03696   0.01043         0   0.04739        21       416    0.8287    0.7358    0.7849    0.3358   0.04787  0.009268         0
      3/14     5.29G    0.0409   0.01079         0   0.05169        18       416    0.8733    0.7153    0.8275    0.3678   0.04477   0.00934         0
      4/14     5.29G    0.0391   0.01105         0   0.05016        28       416    0.7612    0.7547     0.798    0.3191   0.04676  0.009282         0
      5/14     5.29G   0.04226   0.01116         0   0.05342        32       416    0.7959    0.7736    0.7931    0.3914   0.04359  0.009287         0
      6/14     5.29G   0.04179   0.01011         0    0.0519        25       416    0.7104    0.7638    0.7413    0.3008   0.04952  0.008912         0
      7/14     5.29G   0.04321   0.01044         0   0.05365        33       416    0.7528    0.7547    0.7836    0.3325   0.04837   0.00931         0
      8/14     5.29G   0.04365   0.01105         0    0.0547        29       416    0.7391    0.8019    0.7835    0.3187   0.04766  0.009555         0
      9/14     5.29G   0.04291   0.01076         0   0.05368        35       416    0.6422    0.7451    0.7049    0.2978   0.04886  0.009078         0
     10/14     5.29G   0.03865  0.009949         0    0.0486        25       416    0.8555    0.7264    0.8069    0.3604   0.04631  0.009177         0
     11/14     5.29G   0.04079   0.01243         0   0.05322        50       416       0.8    0.7545    0.7819    0.2827   0.04848  0.009006         0
     12/14     5.29G   0.03835   0.01021         0   0.04856        41       416    0.8539    0.7736    0.8292    0.3859   0.04374  0.009185         0
     13/14     5.29G   0.03993   0.01136         0   0.05129        44       416    0.8829    0.7828    0.8397    0.4021   0.04317  0.009042         0
     14/14     5.29G   0.03894  0.009711         0   0.04865        21       416    0.8723    0.7731    0.8318    0.3809    0.0441  0.009094         0
