      0/14      5.7G   0.03565  0.009259         0   0.04491        43       416      0.88    0.8302    0.8469    0.4102   0.04353   0.00875         0
      1/14     7.14G   0.03672  0.009844         0   0.04657        44       416    0.8436    0.7642    0.8256    0.3495   0.04698  0.009156         0
      2/14     7.14G   0.03604  0.009401         0   0.04544        42       416    0.8698    0.8195    0.8407    0.4115   0.04437  0.009194         0
      3/14     7.14G   0.03719  0.009808         0     0.047        45       416    0.8171    0.8019    0.8102    0.3326   0.04734  0.008915         0
      4/14     7.14G   0.03756  0.009869         0   0.04743        36       416    0.7837    0.8206    0.8069    0.3493   0.04676  0.009328         0
      5/14     7.14G   0.03765  0.008659         0   0.04631        32       416    0.7842    0.7547    0.8125    0.3241   0.04728  0.009498         0
      6/14     7.14G   0.03736  0.009732         0   0.04709        51       416    0.8856    0.6698    0.7948    0.3201   0.05029  0.009523         0
      7/14     7.14G   0.03796   0.01023         0   0.04819        52       416    0.7615    0.7547    0.7649    0.3096   0.04646  0.008926         0
      8/14     7.14G   0.03705  0.007954         0     0.045        34       416    0.8901    0.7639    0.8421     0.373    0.0444  0.008975         0
      9/14     7.14G   0.03786   0.01063         0   0.04849        48       416    0.8382    0.7822    0.8233    0.3663    0.0449  0.008936         0
     10/14     7.14G   0.03683  0.009971         0    0.0468        35       416    0.8136     0.783    0.8156    0.3507   0.04602  0.008982         0
     11/14     7.14G   0.03718   0.01037         0   0.04756        34       416    0.8541    0.7736    0.8063    0.3443   0.04628  0.009004         0
     12/14     7.14G   0.03663  0.009954         0   0.04658        36       416     0.883     0.783    0.8294    0.3767   0.04349   0.00898         0
     13/14     7.14G   0.03299  0.009738         0   0.04272        31       416     0.866    0.7925    0.8196    0.4134   0.04196  0.008996         0
     14/14     7.16G   0.03589   0.00948         0   0.04537        39       416    0.9032    0.7925    0.8562    0.3918   0.04364  0.008925         0
