     0/299     1.99G    0.1094   0.01671         0    0.1261        27       416  0.001352    0.2059 0.0003376 4.975e-05    0.1028   0.01681         0
     1/299     6.03G    0.1039   0.01719         0    0.1211        33       416  0.003233    0.1961    0.0011 0.0001687   0.09792   0.01387         0
     2/299     7.47G   0.09868   0.01584         0    0.1145        29       416  0.003679    0.1961  0.001902 0.0003568   0.09448   0.01368         0
     3/299     7.47G   0.09306   0.01843         0    0.1115        35       416  0.008331   0.04902  0.002431 0.0004367   0.09496   0.01294         0
     4/299     7.47G   0.08829   0.01811         0    0.1064        25       416   0.03064    0.1471   0.01171  0.002625   0.08935   0.01322         0
     5/299     7.47G   0.08285    0.0192         0     0.102        36       416    0.1824    0.3529    0.1109   0.02212   0.08261   0.01335         0
     6/299     7.47G   0.07662   0.01855         0   0.09518        25       416    0.3214    0.3714    0.2166   0.04738   0.07297   0.01379         0
     7/299     7.47G   0.07306   0.01725         0   0.09032        30       416    0.3186    0.3137    0.1947   0.04058   0.07124   0.01289         0
     8/299     7.47G   0.06912   0.01535         0   0.08447        36       416    0.2282    0.2745    0.1409   0.03153   0.07174   0.01168         0
     9/299     7.47G   0.06789   0.01403         0   0.08192        21       416    0.3346    0.4314    0.3054   0.08361   0.07279   0.01061         0
    10/299     7.47G   0.06905   0.01552         0   0.08456        25       416    0.4717    0.5778    0.4629    0.1469   0.06416   0.01058         0
    11/299     7.47G   0.06661   0.01401         0   0.08062        35       416    0.3936    0.3529    0.3398   0.09051   0.06808   0.01084         0
    12/299     7.47G   0.06103   0.01364         0   0.07468        29       416    0.4909     0.549    0.4586    0.1391    0.0658  0.009532         0
    13/299     7.47G   0.06154   0.01386         0    0.0754        37       416    0.4551    0.4994    0.4171    0.1428    0.0637   0.01012         0
    14/299     7.47G   0.06284   0.01343         0   0.07626        55       416     0.471    0.5686    0.4382   0.09716   0.06385  0.009633         0
    15/299     7.47G     0.068   0.01173         0   0.07972        24       416    0.5837    0.5098    0.5076    0.1673   0.06333  0.009943         0
    16/299     7.48G   0.06427   0.01203         0    0.0763        35       416    0.2998    0.3725    0.2365   0.06391   0.08197  0.008781         0
    17/299     7.48G   0.07237   0.01299         0   0.08536        27       416     0.392    0.4804    0.3904    0.1194   0.06269   0.01018         0
    18/299     7.48G   0.06605   0.01173         0   0.07778        32       416    0.3646     0.549    0.3693    0.1031   0.06826  0.009969         0
    19/299     7.48G   0.06123   0.01285         0   0.07408        31       416     0.557    0.5671    0.5677    0.1772   0.05661   0.00963         0
    20/299     7.48G   0.05949   0.01102         0    0.0705        34       416    0.7157    0.5686     0.627    0.1964   0.06106   0.01009         0
    21/299     7.48G   0.06035   0.01081         0   0.07116        23       416     0.512    0.5686    0.5096    0.1628   0.06598  0.009399         0
    22/299     7.48G   0.06318   0.01341         0   0.07659        48       416    0.7111    0.6569    0.6649    0.2558   0.05483  0.009433         0
    23/299     7.48G   0.06234    0.0109         0   0.07325        18       416    0.5564    0.6176    0.5786     0.216   0.05844  0.009628         0
    24/299     7.48G   0.05495   0.01226         0    0.0672        30       416    0.5554    0.5784    0.5663     0.181   0.05862  0.009458         0
    25/299     7.48G   0.06148   0.01189         0   0.07337        41       416    0.4386     0.674     0.492    0.1874   0.06315  0.009825         0
    26/299     7.48G    0.0567    0.0114         0    0.0681        29       416    0.5743    0.5196    0.5412    0.2002   0.05785  0.009716         0
    27/299     7.48G   0.05748   0.01208         0   0.06956        41       416     0.658    0.5686    0.6133    0.2421   0.06088  0.009342         0
    28/299     7.48G   0.05967   0.01187         0   0.07153        31       416    0.5479    0.5294    0.4851    0.1714   0.06422    0.0101         0
    29/299     7.48G   0.06138  0.009697         0   0.07108        32       416    0.8275    0.6176    0.6862    0.2642   0.05884   0.01097         0
    30/299     7.48G   0.05507   0.01037         0   0.06545        29       416    0.7378    0.6078    0.6425    0.2185   0.05772  0.009397         0
    31/299     7.48G   0.05732    0.0114         0   0.06872        39       416    0.7007    0.6667    0.6813     0.244   0.05561  0.008783         0
    32/299     7.48G   0.05093  0.009964         0    0.0609        24       416    0.6881    0.6273    0.6394    0.2404   0.05911  0.009149         0
    33/299     7.48G   0.05369   0.01092         0   0.06461        30       416    0.6932    0.7353    0.6807    0.2845   0.05307  0.009452         0
    34/299     7.48G   0.05494   0.01143         0   0.06637        47       416    0.8351    0.6471    0.7598    0.2791   0.05533  0.008704         0
    35/299     7.48G   0.05143   0.01032         0   0.06175        30       416    0.8097     0.549    0.7124    0.3038   0.05335  0.009027         0
    36/299     7.48G   0.05827   0.01014         0   0.06841        58       416    0.7558    0.6371    0.6856    0.2681    0.0529   0.00973         0
    37/299     7.48G   0.05107  0.009513         0   0.06059        22       416    0.5579    0.7059    0.5656    0.1768   0.05891  0.008288         0
    38/299     7.48G   0.05384   0.01045         0   0.06428        27       416    0.7009    0.7351    0.7471    0.2901   0.05045  0.008206         0
    39/299     7.48G   0.05384  0.008963         0    0.0628        30       416    0.6915    0.7059    0.6947    0.2513   0.05278  0.009661         0
    40/299     7.48G   0.05404   0.00971         0   0.06375        20       416      0.77    0.6565    0.7137    0.2578    0.0538  0.008996         0
    41/299     7.48G   0.05027  0.008826         0   0.05909        30       416    0.7347     0.598    0.6716    0.2751   0.05448  0.009251         0
    42/299     7.48G   0.04669    0.0101         0    0.0568        34       416    0.6913    0.6373    0.6568    0.2342    0.0565   0.00932         0
    43/299     7.48G   0.05046   0.01048         0   0.06094        35       416    0.7882    0.8039    0.7811    0.2961   0.05093  0.009229         0
    44/299     7.48G   0.04613  0.009808         0   0.05594        21       416    0.8444    0.7447    0.8041    0.3442   0.04975  0.009075         0
    45/299     7.48G   0.05047   0.01007         0   0.06053        40       416    0.8374    0.6565    0.7477    0.2577   0.05631  0.008478         0
    46/299     7.48G   0.05292  0.009971         0   0.06289        17       416    0.8104    0.7545    0.7699     0.241   0.05566  0.007774         0
    47/299     7.48G    0.0565  0.009582         0   0.06608        24       416    0.5781    0.5778    0.5803    0.1934   0.05602  0.008293         0
    48/299     7.48G   0.04957   0.01056         0   0.06013        41       416    0.7468    0.7549    0.7317    0.2362   0.05498   0.00804         0
    49/299     7.48G   0.05121   0.00951         0   0.06072        22       416    0.8765    0.6955    0.8031    0.2837    0.0531  0.008847         0
    50/299     7.48G   0.04802   0.00914         0   0.05716        34       416    0.8133    0.8137    0.8102    0.3059   0.04973  0.007952         0
    51/299     7.48G   0.04989   0.01004         0   0.05992        28       416    0.5829    0.7549    0.6529    0.2362   0.05327  0.008217         0
    52/299     7.48G   0.05253  0.009005         0   0.06154        39       416    0.5403    0.5876    0.5561    0.1509   0.05444  0.008277         0
    53/299     7.48G   0.05134  0.009241         0   0.06058        39       416    0.6332    0.7447    0.6935    0.2479     0.053  0.007968         0
    54/299     7.48G   0.04677  0.009667         0   0.05644        42       416    0.6591    0.5686     0.641    0.2368   0.06386  0.007848         0
    55/299     7.48G   0.05058   0.00939         0   0.05997        30       416     0.833    0.7353    0.7247    0.2903   0.05256   0.00872         0
    56/299     7.48G   0.05402  0.009184         0   0.06321        37       416    0.8444    0.7451    0.7527      0.29   0.05296   0.00823         0
    57/299     7.48G   0.05262  0.009227         0   0.06185        24       416      0.66    0.6661    0.6746    0.2383   0.05482  0.007748         0
    58/299     7.48G   0.04423  0.009659         0   0.05389        38       416     0.921    0.8039    0.8666    0.3489    0.0508  0.007964         0
    59/299     7.48G   0.04286  0.008965         0   0.05183        24       416    0.9246    0.7255    0.8085    0.3024   0.05034  0.008079         0
    60/299     7.48G    0.0443  0.008477         0   0.05277        26       416    0.8019    0.7538     0.794    0.2904    0.0513  0.008837         0
    61/299     7.48G   0.04133  0.008244         0   0.04958        32       416      0.85    0.6666    0.7292    0.3023   0.05065  0.008647         0
    62/299     7.48G   0.04572  0.009411         0   0.05514        29       416    0.8111    0.7156     0.751    0.2621   0.05304  0.008697         0
    63/299     7.48G   0.04565  0.009641         0   0.05529        30       416    0.8666    0.7643    0.8101    0.3316   0.05211  0.008378         0
    64/299     7.48G   0.04509  0.009101         0    0.0542        38       416    0.7607    0.6863    0.7296    0.3363   0.05433  0.008122         0
    65/299     7.48G   0.04294  0.008797         0   0.05174        38       416    0.8541    0.8036     0.819    0.3526   0.04859  0.008292         0
    66/299     7.48G   0.03852  0.009235         0   0.04776        58       416    0.7834    0.7448    0.7513      0.27   0.05077  0.008046         0
    67/299     7.48G   0.03999  0.009043         0   0.04903        42       416    0.6599    0.6471    0.6171      0.25   0.05466  0.008237         0
    68/299     7.48G   0.04344  0.008896         0   0.05233        30       416    0.8289    0.6176    0.7522    0.3198   0.04913  0.008919         0
    69/299     7.48G    0.0395  0.009134         0   0.04864        35       416    0.7599    0.7451     0.746    0.3054   0.04905  0.008321         0
    70/299     7.48G   0.04037  0.009408         0   0.04978        32       416    0.8162    0.7836    0.7922    0.3455   0.04772  0.008527         0
    71/299     7.48G   0.03935  0.008254         0   0.04761        32       416       0.8    0.7451    0.7946    0.3508   0.04946  0.008803         0
    72/299     7.48G   0.03977  0.008353         0   0.04812        60       416    0.7782    0.7941    0.8049    0.3607   0.04862  0.008283         0
    73/299     7.48G   0.03777  0.008178         0   0.04595        30       416    0.8901    0.7937    0.8653    0.3431   0.04724  0.007732         0
    74/299     7.48G    0.0396  0.008686         0   0.04829        31       416    0.9037    0.7451    0.8361    0.3892   0.04522  0.008135         0
    75/299     7.48G   0.03895   0.00827         0   0.04722        28       416    0.8522     0.735    0.8021      0.37   0.04659  0.008403         0
    76/299     7.48G   0.03911  0.009263         0   0.04838        34       416    0.8267    0.7549    0.7894    0.3152   0.04917  0.008457         0
    77/299     7.49G   0.03832  0.008419         0   0.04673        27       416     0.811    0.7157    0.7683    0.3097   0.04997  0.008569         0
    78/299     7.49G    0.0431  0.009033         0   0.05213        44       416     0.871    0.6667    0.7701    0.3212   0.04788  0.008943         0
    79/299     7.49G   0.03938  0.008606         0   0.04799        41       416     0.862    0.7351    0.7924      0.33   0.04843  0.008368         0
    80/299     7.49G   0.03844  0.008527         0   0.04697        35       416    0.7901    0.6273    0.6578     0.264   0.05531  0.009398         0
    81/299     7.49G   0.03817   0.00919         0   0.04736        32       416     0.755    0.7253    0.7498     0.309   0.05005  0.008985         0
    82/299     7.49G   0.04027  0.008037         0    0.0483        41       416    0.8536    0.6863    0.7538    0.3368   0.04792  0.009391         0
    83/299     7.49G   0.04138   0.00836         0   0.04974        35       416     0.885    0.7547    0.7986    0.3471   0.04875  0.008581         0
    84/299     7.49G   0.03984   0.00898         0   0.04882        29       416    0.7256    0.8037    0.7915    0.3311   0.04869  0.008497         0
    85/299     7.49G   0.03945  0.009195         0   0.04864        35       416    0.8384    0.5098    0.6066    0.2524   0.05347   0.01412         0
    86/299     7.49G   0.03631  0.008122         0   0.04443        35       416    0.8026     0.598    0.6845    0.2693   0.05355  0.009829         0
    87/299     7.49G   0.04405  0.009635         0   0.05368        45       416    0.8658    0.6959    0.7428    0.2873   0.04815  0.008735         0
    88/299     7.49G   0.03637  0.007972         0   0.04434        39       416    0.8193    0.6667    0.6996    0.3038   0.05042  0.009417         0
    89/299     7.49G   0.03646  0.008865         0   0.04533        50       416    0.8645    0.7549    0.8228    0.3342   0.04575  0.008325         0
    90/299     7.49G   0.03733   0.00812         0   0.04545        37       416    0.7881    0.8039    0.8345    0.3578   0.04744   0.00856         0
    91/299     7.49G   0.04162  0.009084         0   0.05071        23       416     0.854    0.7549    0.8214    0.3136    0.0497  0.008768         0
    92/299     7.49G   0.03959  0.008733         0   0.04833        54       416    0.8732    0.6078    0.7359      0.31   0.04997  0.009586         0
    93/299     7.49G    0.0359  0.008532         0   0.04443        31       416    0.8928    0.7349    0.8225    0.3257   0.04783  0.009217         0
    94/299     7.49G   0.03767  0.008523         0    0.0462        39       416    0.6758    0.7157    0.6982    0.2996   0.05317  0.009847         0
    95/299     7.49G   0.03643  0.008867         0    0.0453        32       416    0.8599    0.7255    0.7872    0.3194   0.04762  0.008577         0
    96/299     7.49G   0.03857  0.007965         0   0.04653        24       416    0.8588    0.7156    0.7862    0.3348   0.04579  0.008776         0
    97/299     7.49G   0.03687  0.009818         0   0.04669        54       416    0.8461    0.7546    0.8182    0.3522   0.04547  0.008864         0
    98/299     7.49G   0.03416  0.009225         0   0.04339        40       416    0.7821     0.774    0.7761    0.3515   0.04922   0.01158         0
    99/299     7.49G   0.04189   0.01112         0   0.05301        30       416    0.7948    0.6471     0.729    0.2973   0.05037   0.01077         0
   100/299     7.49G   0.03681   0.00963         0   0.04644        30       416    0.8068     0.696    0.7432    0.3378   0.04701  0.009237         0
   101/299     7.49G   0.03613  0.009152         0   0.04529        30       416    0.7398    0.7255    0.7044    0.2762   0.05101  0.008912         0
   102/299     7.49G   0.03934  0.008879         0   0.04822        38       416    0.9173    0.7647    0.8165    0.3299   0.04843  0.008721         0
   103/299     7.49G    0.0349   0.00884         0   0.04374        44       416      0.89     0.793    0.8259    0.3375   0.04637  0.008799         0
   104/299     7.49G   0.03142  0.008102         0   0.03952        30       416    0.8568    0.7059    0.7817    0.3081   0.04762  0.008894         0
   105/299     7.49G   0.03528  0.008683         0   0.04396        41       416    0.7607    0.6863    0.7363     0.316    0.0483  0.009548         0
   106/299     7.49G    0.0321  0.008493         0    0.0406        24       416     0.883    0.6667    0.7756    0.3259   0.04765   0.01031         0
   107/299     7.49G   0.03344  0.008068         0   0.04151        31       416    0.8017    0.7549    0.7629    0.3333   0.04444  0.008999         0
   108/299     7.49G    0.0319  0.007815         0   0.03972        34       416    0.7549    0.7548    0.7678    0.3524   0.04534  0.009179         0
   109/299     7.49G    0.0311  0.008206         0    0.0393        38       416    0.7691    0.7843     0.792    0.3303   0.04822  0.009406         0
   110/299     7.49G   0.03053  0.008334         0   0.03887        18       416    0.8823    0.7352     0.804    0.3727   0.04499  0.009242         0
   111/299     7.49G   0.03355  0.008152         0    0.0417        45       416    0.9111    0.7059    0.7961    0.3458   0.04676      0.01         0
   112/299     7.49G   0.03268  0.007723         0    0.0404        31       416    0.9136    0.7255    0.8194    0.3735    0.0442  0.009595         0
   113/299     7.49G   0.02972  0.007359         0   0.03708        34       416    0.8631    0.8038    0.7862    0.3673   0.04538   0.01019         0
   114/299     7.49G   0.03078  0.008115         0   0.03889        28       416     0.831    0.7255    0.7778    0.3432   0.04624   0.01008         0
   115/299     7.49G    0.0339  0.007652         0   0.04156        32       416    0.8125    0.7647    0.7913    0.3374   0.04618   0.01046         0
   116/299     7.49G   0.03055  0.007145         0    0.0377        37       416    0.9294    0.7745    0.8127    0.3782   0.04454  0.009974         0
   117/299     7.49G   0.03059  0.007388         0   0.03798        34       416    0.9249    0.7248    0.8015    0.3814   0.04494   0.01043         0
   118/299     7.49G   0.03025  0.008703         0   0.03896        48       416    0.7634     0.696    0.6811    0.2693   0.05202   0.00974         0
   119/299     7.49G   0.03439  0.007749         0   0.04214        28       416    0.8351    0.7451    0.7663     0.309   0.04918   0.00964         0
   120/299     7.49G   0.03189  0.007316         0   0.03921        43       416    0.8806    0.7255    0.7731    0.3232   0.04934   0.01057         0
   121/299     7.49G   0.02914  0.007549         0   0.03669        43       416    0.8764    0.7646     0.811    0.3202   0.04754   0.01063         0
   122/299     7.49G   0.02822  0.007188         0    0.0354        37       416     0.879    0.7843    0.8179     0.355   0.04501  0.009989         0
   123/299     7.49G   0.02941   0.00657         0   0.03598        29       416    0.8965    0.7643    0.8108    0.3384   0.04562   0.01022         0
   124/299     7.49G   0.02935  0.007668         0   0.03701        38       416    0.8964    0.7647    0.8298     0.361   0.04459  0.009552         0
   125/299     7.49G    0.0287  0.007086         0   0.03578        36       416    0.8723    0.8039    0.8555    0.3832   0.04375  0.009595         0
   126/299     7.49G   0.02626  0.006709         0   0.03297        34       416    0.8953    0.7549    0.8282     0.372   0.04518  0.009455         0
   127/299     7.49G   0.02939  0.007093         0   0.03649        25       416     0.935    0.7059    0.8037     0.375   0.04568   0.01028         0
   128/299     7.49G   0.02798  0.007678         0   0.03565        43       416    0.9477    0.7451    0.8198    0.3786   0.04561  0.009438         0
   129/299     7.49G   0.02774  0.006407         0   0.03415        28       416    0.9008    0.8039    0.8164    0.3721   0.04667  0.009104         0
   130/299     7.49G   0.02771  0.006789         0    0.0345        32       416    0.9405    0.7743    0.8349    0.3545   0.04512  0.009118         0
   131/299     7.49G   0.02871   0.00717         0   0.03588        43       416    0.8101    0.7549    0.7564    0.3581    0.0458   0.01033         0
   132/299     7.49G   0.03042  0.007802         0   0.03823        39       416    0.8794    0.7157    0.8003    0.3306   0.04748  0.009538         0
   133/299     7.49G   0.02865  0.007051         0    0.0357        25       416    0.8734    0.6764    0.7347    0.3355   0.04867  0.008778         0
   134/299     7.49G   0.03004  0.007784         0   0.03782        47       416    0.9031    0.7353    0.8265    0.4012   0.04403  0.008786         0
   135/299     7.49G   0.02688  0.006911         0   0.03379        23       416    0.8901    0.7938    0.8666    0.3983    0.0431  0.008537         0
   136/299     7.49G   0.02613  0.006718         0   0.03284        21       416     0.879    0.7843    0.8467    0.3833   0.04378   0.00906         0
   137/299     7.49G   0.02761  0.006643         0   0.03425        32       416    0.8686    0.7157    0.8078    0.3371   0.04749  0.009297         0
   138/299     7.49G   0.02818  0.006655         0   0.03483        43       416    0.9286    0.7645    0.8461    0.3773   0.04395  0.008937         0
   139/299     7.49G   0.02537  0.007479         0   0.03285        48       416    0.9146    0.7351    0.8226    0.3923   0.04368  0.009159         0
   140/299     7.49G   0.02486  0.006783         0   0.03165        25       416    0.9156    0.7451    0.8189    0.3686    0.0454  0.009755         0
   141/299     7.49G   0.02619  0.006409         0    0.0326        27       416    0.8933    0.7451    0.8204    0.3863   0.04408   0.00985         0
   142/299     7.49G   0.02662   0.00655         0   0.03317        41       416    0.8674    0.7056     0.758    0.3588   0.04765  0.009145         0
   143/299     7.49G   0.02969  0.007226         0   0.03692        29       416    0.8888    0.7056    0.7659    0.3525   0.04788   0.00921         0
   144/299     7.49G   0.02685  0.007721         0   0.03457        54       416    0.9047    0.7451    0.7849    0.3559   0.04769  0.009484         0
   145/299     7.49G   0.02545  0.006834         0   0.03228        24       416    0.8876    0.7745    0.7686    0.3567   0.04637   0.01005         0
   146/299     7.49G   0.02361  0.006062         0   0.02967        33       416    0.9405    0.7745    0.8274    0.3864   0.04522  0.009423         0
   147/299     7.49G   0.02628  0.006921         0    0.0332        37       416    0.8913    0.8039    0.8285    0.3949   0.04466  0.009079         0
   148/299     7.49G   0.02974  0.006618         0   0.03636        26       416    0.8865    0.8431    0.8647    0.4078   0.04324  0.008732         0
   149/299     7.49G   0.03094  0.007325         0   0.03827        52       416    0.9139    0.8333     0.858    0.4157   0.04385  0.008585         0
   150/299     7.49G   0.02712  0.006411         0   0.03353        28       416     0.871    0.7941    0.8308    0.4001   0.04346  0.008735         0
   151/299     7.49G   0.02558  0.005503         0   0.03109        20       416     0.875    0.8235    0.8422    0.3862   0.04275  0.008692         0
   152/299     7.49G    0.0271  0.006319         0   0.03342        52       416    0.8842    0.8235    0.8472    0.3966   0.04271  0.008755         0
   153/299     7.49G   0.02306  0.006106         0   0.02917        26       416     0.908    0.7745    0.8311     0.384   0.04443  0.009146         0
   154/299     7.49G   0.02639  0.006204         0   0.03259        23       416    0.8912    0.8039    0.8338    0.3675   0.04512   0.00949         0
   155/299     7.49G   0.02462  0.006768         0   0.03139        27       416     0.884    0.8235    0.8685    0.3811   0.04367  0.008948         0
   156/299     7.49G   0.02496  0.006074         0   0.03103        29       416      0.85    0.8333    0.8599    0.4011   0.04306  0.009383         0
   157/299     7.49G   0.02328   0.00602         0    0.0293        16       416    0.8889    0.7842    0.8286    0.3875   0.04371   0.01019         0
   158/299     7.49G    0.0234  0.006385         0   0.02978        26       416    0.8889    0.7841    0.8336    0.3931   0.04424  0.009842         0
   159/299     7.49G   0.02662  0.006087         0   0.03271        31       416    0.8678    0.7745    0.8206    0.3681   0.04513   0.00961         0
   160/299     7.49G   0.02723  0.006379         0   0.03361        25       416    0.9058    0.7546    0.8145    0.3775   0.04503  0.009403         0
   161/299     7.49G   0.02426  0.006842         0    0.0311        18       416     0.807    0.8235    0.8427    0.3996   0.04338  0.009509         0
   162/299     7.49G   0.02629  0.006463         0   0.03275        38       416    0.8367    0.8039    0.8386     0.392   0.04379   0.01062         0
   163/299     7.49G   0.02608  0.007184         0   0.03327        32       416    0.9265    0.7451    0.8436     0.376   0.04417   0.01049         0
   164/299     7.49G   0.02251   0.00578         0   0.02829        27       416    0.9155    0.7451    0.8438    0.3865   0.04312  0.009907         0
   165/299     7.49G   0.02407   0.00675         0   0.03082        42       416    0.9275    0.7549    0.8642    0.4114   0.04325  0.009738         0
   166/299     7.49G   0.02367  0.005972         0   0.02964        38       416    0.8331    0.8333    0.8399    0.3868   0.04449  0.009398         0
   167/299     7.49G    0.0242  0.005673         0   0.02987        22       416    0.8666    0.7647    0.8341    0.3893   0.04362  0.009484         0
   168/299     7.49G   0.02525  0.005932         0   0.03118        32       416    0.9367    0.7253    0.8425    0.3728   0.04372  0.009501         0
   169/299     7.49G    0.0237  0.006094         0    0.0298        18       416    0.9186    0.7745    0.8317    0.3802   0.04335  0.009629         0
   170/299     7.49G    0.0255  0.006143         0   0.03165        39       416    0.8446    0.8525    0.8629    0.3618   0.04378   0.01021         0
   171/299     7.49G   0.02671  0.006837         0   0.03355        36       416    0.9165    0.7549    0.8615    0.3756   0.04446   0.01003         0
   172/299     7.49G   0.02655  0.006601         0   0.03315        28       416    0.8963    0.7647    0.8434    0.3718   0.04522   0.01037         0
   173/299     7.49G   0.02351  0.006098         0   0.02961        34       416    0.9276    0.7549    0.8625    0.4002   0.04431   0.01041         0
   174/299     7.49G   0.02311  0.005981         0   0.02909        44       416    0.8461    0.7548    0.8212    0.3999   0.04381   0.01081         0
   175/299     7.49G   0.02577  0.006353         0   0.03213        32       416    0.9122    0.7157     0.824    0.4108   0.04386   0.01084         0
   176/299     7.49G   0.02523  0.006345         0   0.03158        42       416    0.8299    0.8137    0.8352    0.4068   0.04326   0.01024         0
   177/299     7.49G   0.02455  0.007263         0   0.03181        34       416    0.8299    0.8129    0.8483    0.3827   0.04429   0.01031         0
   178/299     7.49G   0.02391  0.005884         0   0.02979        35       416    0.8444    0.7449    0.8393    0.3786   0.04349    0.0107         0
   179/299     7.49G   0.02534  0.006372         0   0.03171        32       416    0.9365    0.7255    0.8445    0.3846   0.04387   0.01096         0
   180/299     7.49G   0.02376  0.006073         0   0.02984        41       416    0.8629    0.8039    0.8428    0.3955   0.04345   0.01083         0
   181/299     7.49G   0.02333  0.005959         0   0.02929        30       416     0.931    0.7941    0.8664    0.4131   0.04209   0.01016         0
   182/299     7.49G   0.02272  0.006241         0   0.02896        44       416    0.9186    0.7745    0.8472    0.4198   0.04273  0.009936         0
   183/299     7.49G   0.02386  0.005516         0   0.02938        23       416    0.9302    0.7843    0.8842    0.4242   0.04196  0.009696         0
   184/299     7.49G    0.0225   0.00615         0   0.02865        52       416    0.9647    0.8039    0.8716    0.4383   0.04186  0.009982         0
   185/299     7.49G    0.0225  0.005542         0   0.02804        24       416    0.9222    0.8137    0.8804     0.424   0.04203   0.01007         0
   186/299     7.49G   0.02382  0.006342         0   0.03017        74       416    0.9517    0.7745    0.8761    0.4181   0.04187  0.009882         0
   187/299     7.49G   0.02145  0.005677         0   0.02713        23       416    0.9192    0.7843    0.8667    0.4158   0.04242  0.009771         0
   188/299     7.49G   0.02344  0.006071         0   0.02951        35       416    0.9301    0.7843    0.8556    0.4061   0.04374   0.01005         0
   189/299     7.49G   0.02232  0.005872         0   0.02819        37       416    0.8965    0.7646    0.8303    0.3883   0.04535   0.01128         0
   190/299     7.49G   0.02056  0.005096         0   0.02565        34       416    0.9286    0.7646    0.8378     0.399   0.04333   0.01131         0
   191/299     7.49G   0.02026  0.005046         0   0.02531        43       416    0.9111    0.8038    0.8437    0.4013   0.04297   0.01068         0
   192/299     7.49G   0.02044  0.005645         0   0.02609        28       416    0.9129    0.8235     0.874    0.4203   0.04231    0.0102         0
   193/299     7.49G   0.02233  0.005716         0   0.02805        26       416    0.9743    0.7451    0.8846     0.408   0.04232   0.01022         0
   194/299     7.49G   0.02299  0.005802         0   0.02879        39       416      0.89    0.7941    0.8664    0.4066   0.04167   0.01041         0
   195/299     7.49G   0.02292  0.005615         0   0.02854        36       416    0.9091    0.7843    0.8805    0.4167   0.04157   0.01044         0
   196/299     7.49G   0.02036   0.00553         0   0.02589        35       416    0.9418    0.7941    0.8641    0.4094   0.04151   0.01026         0
   197/299     7.49G   0.02212  0.006529         0   0.02865        42       416    0.9524    0.7841     0.863    0.4054   0.04264   0.01039         0
   198/299     7.49G   0.02092  0.005844         0   0.02676        26       416    0.9318    0.8039    0.8609    0.4209   0.04181  0.009866         0
   199/299     7.49G   0.02023  0.005953         0   0.02618        49       416    0.8957    0.8431    0.8788    0.4257   0.04167  0.009996         0
   200/299     7.49G      0.02  0.005293         0   0.02529        25       416    0.9999    0.7353    0.8513    0.4038   0.04298   0.01092         0
   201/299     7.49G   0.02113  0.005741         0   0.02687        32       416         1    0.7549      0.89     0.423    0.0426   0.01054         0
   202/299     7.49G   0.02121  0.005341         0   0.02655        45       416    0.9231    0.8235    0.8938    0.4186   0.04147   0.01037         0
   203/299     7.49G    0.0204  0.005845         0   0.02625        26       416    0.9238    0.8333    0.8841    0.4245    0.0413   0.01039         0
   204/299     7.49G   0.02097  0.006285         0   0.02726        57       416    0.8866    0.8431    0.8658    0.4031   0.04205   0.01053         0
   205/299     7.49G   0.01981  0.006028         0   0.02584        46       416    0.8761    0.8333    0.8564    0.4017   0.04163    0.0107         0
   206/299     7.49G   0.02041  0.005893         0   0.02631        27       416    0.9425    0.8039    0.8749    0.3768    0.0433   0.01037         0
   207/299     7.49G   0.02121   0.00571         0   0.02692        33       416    0.9424    0.8039    0.8815    0.4108   0.04197   0.01045         0
   208/299     7.49G   0.02049  0.005261         0   0.02575        21       416    0.9098    0.7941    0.8423     0.391   0.04188   0.01127         0
   209/299     7.49G   0.02158  0.005522         0    0.0271        30       416    0.8584    0.8323    0.8601    0.4111   0.04118   0.01084         0
   210/299     7.49G   0.01939  0.005457         0   0.02485        36       416     0.908    0.7745    0.8536    0.4184    0.0416   0.01084         0
   211/299     7.49G   0.02114  0.005723         0   0.02687        31       416    0.9146    0.7351    0.8426    0.4145   0.04136   0.01065         0
   212/299     7.49G   0.01983  0.006008         0   0.02584        32       416     0.938    0.7451    0.8442     0.407   0.04275   0.01089         0
   213/299     7.49G   0.02035  0.005806         0   0.02616        43       416    0.8828    0.8137    0.8564    0.3924   0.04486   0.01071         0
   214/299     7.49G   0.01984  0.006146         0   0.02599        49       416    0.8514    0.8427    0.8467    0.4022   0.04313   0.01038         0
   215/299     7.49G   0.02076  0.005546         0    0.0263        53       416    0.9294    0.7744    0.8471    0.3831   0.04334   0.01056         0
   216/299     7.49G   0.02123  0.005226         0   0.02646        25       416    0.9286    0.7646      0.84    0.4042   0.04261   0.01124         0
   217/299     7.49G   0.01979  0.005393         0   0.02519        47       416    0.8804    0.7938    0.8215    0.4111   0.04229   0.01117         0
   218/299     7.49G   0.01998  0.005287         0   0.02527        36       416    0.9101     0.794    0.8517     0.419   0.04156    0.0117         0
   219/299     7.49G   0.02029  0.005496         0   0.02579        27       416    0.8829    0.8137      0.86     0.425   0.04062   0.01141         0
   220/299     7.49G   0.02067  0.006019         0   0.02669        39       416    0.9211    0.8039    0.8707    0.4308   0.04011   0.01108         0
   221/299     7.49G   0.01971  0.005275         0   0.02499        26       416    0.9521    0.7941    0.8786    0.4423   0.03989    0.0109         0
   222/299     7.49G   0.01971  0.006129         0   0.02584        33       416    0.9175    0.7647     0.851      0.42   0.04196   0.01092         0
   223/299     7.49G   0.02239  0.005319         0   0.02771        32       416    0.9524    0.7843    0.8797    0.4304   0.04032   0.01033         0
   224/299     7.49G   0.02194  0.005603         0   0.02755        30       416    0.9222    0.8136    0.8712     0.429   0.04019   0.01044         0
   225/299     7.49G   0.02004   0.00597         0   0.02601        36       416     0.931     0.794    0.8626    0.4105   0.04056   0.01076         0
   226/299     7.49G   0.01941  0.005257         0   0.02466        22       416    0.9294    0.7745    0.8454    0.4028    0.0409   0.01076         0
   227/299     7.49G   0.02267  0.005499         0   0.02817        53       416    0.9293    0.7745    0.8617    0.4148   0.04143    0.0107         0
   228/299     7.49G   0.02103  0.005869         0    0.0269        30       416    0.8828    0.8137    0.8667    0.4125   0.04152   0.01042         0
   229/299     7.49G   0.01793  0.005742         0   0.02367        50       416    0.8936    0.8235    0.8676    0.4108   0.04167   0.01058         0
   230/299     7.49G   0.01914  0.005976         0   0.02512        32       416    0.9512    0.7647    0.8634    0.4164   0.04191  0.009934         0
   231/299     7.49G   0.01916  0.005617         0   0.02477        31       416     0.883    0.8137    0.8607    0.4175   0.04203  0.009949         0
   232/299     7.49G   0.01691  0.004717         0   0.02163        31       416     0.892    0.8137    0.8668    0.4093   0.04191    0.0101         0
   233/299     7.49G   0.01715  0.004951         0    0.0221        26       416    0.9032    0.8235    0.8959    0.4336   0.04112   0.01043         0
   234/299     7.49G   0.01704  0.004622         0   0.02166        52       416    0.9511    0.7647     0.881     0.438   0.04092   0.01088         0
   235/299     7.49G   0.01661  0.004488         0   0.02109        52       416    0.8935    0.8222    0.8782    0.4358   0.04126   0.01077         0
   236/299     7.49G    0.0174  0.005056         0   0.02246        39       416    0.8966    0.8529    0.8914    0.4322   0.04141   0.01064         0
   237/299     7.49G   0.01758  0.005583         0   0.02316        41       416    0.9255    0.8529    0.8902    0.4186   0.04111   0.01071         0
   238/299     7.49G   0.01831  0.005582         0   0.02389        38       416    0.9231    0.8235    0.8713    0.4147     0.041   0.01052         0
   239/299     7.49G   0.01641  0.005084         0    0.0215        33       416    0.9341    0.8333    0.8926    0.4196   0.04071   0.01019         0
   240/299     7.49G    0.0177  0.005256         0   0.02295        50       416    0.9444    0.8331    0.9052    0.4233   0.04073   0.01011         0
   241/299     7.49G   0.01664  0.004101         0   0.02074        26       416    0.8979    0.8626    0.8922    0.4134   0.04125   0.01032         0
   242/299     7.49G   0.01835  0.005587         0   0.02394        41       416    0.9326    0.8137    0.8749     0.418   0.04099   0.01049         0
   243/299     7.49G   0.01868  0.005391         0   0.02407        23       416    0.9348    0.8431    0.8983    0.4356   0.04078   0.01074         0
   244/299     7.49G   0.01794  0.004731         0   0.02267        40       416    0.9032    0.8233     0.878    0.4205   0.04109   0.01078         0
   245/299     7.49G   0.01808  0.005134         0   0.02321        29       416     0.913    0.8235    0.8794    0.4018    0.0422    0.0104         0
   246/299     7.49G   0.01858  0.005054         0   0.02363        23       416    0.9204    0.7939    0.8721    0.4036   0.04274   0.01054         0
   247/299     7.49G   0.01534  0.004618         0   0.01995        37       416    0.9284    0.7647    0.8683    0.4009    0.0428   0.01093         0
   248/299     7.49G   0.01771  0.004816         0   0.02253        21       416    0.8804    0.7941    0.8682    0.4002   0.04266   0.01113         0
   249/299     7.49G   0.01683  0.004727         0   0.02156        24       416    0.9011    0.8039    0.8625     0.413   0.04196   0.01081         0
   250/299     7.49G   0.01563    0.0043         0   0.01993        26       416      0.87    0.8527    0.8694    0.4103   0.04186   0.01081         0
   251/299     7.49G   0.01693  0.004507         0   0.02144        22       416    0.8774    0.8431    0.8659    0.4174   0.04121   0.01086         0
   252/299     7.49G   0.01633  0.004613         0   0.02094        46       416    0.9022    0.8137    0.8456    0.4156   0.04061   0.01093         0
   253/299     7.49G   0.01575  0.004484         0   0.02024        28       416    0.8737    0.8137    0.8443    0.3977   0.04176   0.01118         0
   254/299     7.49G   0.01549  0.004465         0   0.01995        29       416     0.908    0.7744    0.8385     0.391    0.0421   0.01123         0
   255/299     7.49G   0.01752  0.004641         0   0.02216        54       416    0.9008    0.8039    0.8398    0.3954   0.04175   0.01131         0
   256/299     7.49G   0.01658  0.004724         0   0.02131        52       416    0.8431    0.8431     0.847    0.4017   0.04098   0.01166         0
   257/299     7.49G   0.01597  0.004713         0   0.02068        31       416    0.8999    0.7941     0.846    0.4026   0.04143   0.01187         0
   258/299     7.49G   0.01581  0.004796         0   0.02061        24       416    0.8989    0.8039    0.8641     0.403   0.04142   0.01196         0
   259/299     7.49G   0.01753  0.005233         0   0.02276        29       416    0.9236    0.8333     0.888    0.4033   0.04132   0.01169         0
   260/299     7.49G   0.01641  0.004537         0   0.02095        25       416    0.9043    0.8333    0.8811    0.4225   0.04082   0.01135         0
   261/299     7.49G   0.01601  0.004468         0   0.02048        34       416    0.9101    0.7941    0.8635    0.4108    0.0411   0.01114         0
   262/299     7.49G   0.01559  0.004679         0   0.02027        42       416    0.9101    0.7939    0.8758    0.4125   0.04121   0.01094         0
   263/299     7.49G   0.01587   0.00418         0   0.02005        39       416    0.9099    0.7941    0.8722    0.4113   0.04223   0.01076         0
   264/299     7.49G   0.01637  0.004798         0   0.02117        35       416    0.9412    0.7843    0.8716    0.4029   0.04227   0.01099         0
   265/299     7.49G   0.01575  0.004628         0   0.02037        45       416    0.9283    0.7647    0.8657     0.415   0.04086   0.01107         0
   266/299     7.49G   0.01498  0.004489         0   0.01947        30       416    0.8725    0.8723    0.8901    0.4095   0.04085   0.01119         0
   267/299     7.49G   0.01649  0.004515         0     0.021        41       416    0.8631    0.8824    0.8926    0.4232   0.04106   0.01107         0
   268/299     7.49G   0.01485  0.004042         0   0.01889        25       416    0.8969    0.8529    0.8983    0.4184   0.04147   0.01105         0
   269/299     7.49G   0.01597  0.004713         0   0.02068        25       416    0.9333    0.8235    0.8852    0.4172   0.04183   0.01103         0
   270/299     7.49G   0.01535   0.00397         0   0.01932        41       416    0.9333    0.8235    0.8757    0.4106   0.04213    0.0111         0
   271/299     7.49G    0.0153     0.005         0    0.0203        41       416    0.9437    0.8235    0.8852    0.4045   0.04253   0.01107         0
   272/299     7.49G   0.01698  0.004571         0   0.02155        44       416    0.9634    0.7843    0.8829    0.4137   0.04287   0.01081         0
   273/299     7.49G   0.01639  0.004561         0   0.02095        33       416     0.902    0.8137    0.8899    0.4116   0.04276   0.01058         0
   274/299     7.49G   0.01606  0.004654         0   0.02072        27       416     0.913    0.8235    0.8875     0.413   0.04189    0.0106         0
   275/299     7.49G   0.01469  0.004742         0   0.01943        38       416     0.954    0.8137    0.8907    0.4191   0.04123   0.01073         0
   276/299     7.49G   0.01491  0.004304         0   0.01921        27       416    0.8897    0.8725    0.8881    0.4183    0.0408   0.01121         0
   277/299     7.49G   0.01584  0.005108         0   0.02095        33       416    0.9638    0.7843    0.8832    0.4256   0.04151   0.01139         0
   278/299     7.49G   0.01477  0.004358         0   0.01912        49       416    0.9129    0.8235    0.8909    0.4289    0.0411   0.01137         0
   279/299     7.49G   0.01514   0.00477         0   0.01991        44       416    0.9332    0.8235    0.8945    0.4379   0.04084   0.01115         0
   280/299     7.49G   0.01647  0.005461         0   0.02193        41       416    0.9252    0.8529     0.901    0.4366   0.04092   0.01099         0
   281/299     7.49G   0.01561  0.004256         0   0.01986        33       416    0.9062    0.8529    0.9017    0.4382   0.04124   0.01096         0
   282/299     7.49G   0.01582  0.004652         0   0.02048        29       416    0.9339    0.8333       0.9    0.4373   0.04115     0.011         0
   283/299     7.49G    0.0159  0.005209         0   0.02111        41       416    0.9139    0.8333    0.9001    0.4275   0.04118   0.01128         0
   284/299     7.49G   0.01473  0.004538         0   0.01927        33       416    0.9255    0.8529    0.8985    0.4318   0.04094    0.0113         0
   285/299     7.49G   0.01615  0.004331         0   0.02048        48       416    0.9247    0.8431    0.8922     0.432   0.04112   0.01086         0
   286/299     7.49G   0.01523  0.004497         0   0.01973        25       416    0.9341    0.8333    0.8961    0.4317   0.04112   0.01077         0
   287/299     7.49G   0.01549  0.005419         0   0.02091        24       416     0.934     0.833    0.8972    0.4256   0.04119   0.01073         0
   288/299     7.49G   0.01447  0.004737         0    0.0192        39       416    0.9321    0.8137    0.8837    0.4184   0.04178   0.01085         0
   289/299     7.49G   0.01517  0.004334         0   0.01951        42       416    0.9438    0.8235    0.8949    0.4171   0.04178    0.0114         0
   290/299     7.49G   0.01486  0.004243         0    0.0191        30       416    0.9318    0.8039    0.8781    0.4231   0.04169   0.01151         0
   291/299     7.49G   0.01544  0.004318         0   0.01976        44       416    0.9545    0.8235    0.8879    0.4244   0.04119   0.01154         0
   292/299     7.49G   0.01449  0.004679         0   0.01917        31       416    0.9255    0.8528    0.8862    0.4235   0.04124   0.01143         0
   293/299     7.49G   0.01355  0.003967         0   0.01752        30       416    0.9438    0.8235    0.8838    0.4292   0.04132   0.01153         0
   294/299     7.49G   0.01362  0.003611         0   0.01723        31       416     0.955    0.8333    0.8892    0.4255   0.04136    0.0116         0
   295/299     7.49G   0.01374  0.003831         0   0.01757        23       416    0.9431    0.8137    0.8843    0.4186    0.0414   0.01154         0
   296/299     7.49G    0.0138  0.004425         0   0.01822        48       416    0.9175    0.8724    0.8981    0.4291   0.04118   0.01128         0
   297/299     7.49G   0.01578  0.004709         0   0.02049        23       416    0.9081    0.8725    0.9023    0.4389   0.04076   0.01101         0
   298/299     7.49G   0.01462  0.004174         0   0.01879        32       416    0.9253    0.8529    0.8945    0.4336   0.04066   0.01145         0
   299/299     7.49G   0.01456  0.004352         0   0.01891        21       416    0.8979     0.862    0.8909    0.4177   0.04089   0.01182         0
