     0/299     1.74G    0.1088   0.01742         0    0.1262        26       416  0.001249    0.1573 0.0002851 4.488e-05    0.1019   0.01497         0
     1/299      6.2G    0.1052   0.01698         0    0.1222        33       416  0.001715    0.3596 0.0006562 9.537e-05   0.09718   0.01247         0
     2/299     7.64G   0.09924   0.01602         0    0.1153        34       416  0.005095    0.1798  0.001972 0.0003235   0.09133   0.01245         0
     3/299     7.64G   0.09537   0.01857         0    0.1139        41       416  0.007001    0.2022  0.003583 0.0006602   0.08946   0.01196         0
     4/299     7.64G   0.09135   0.01755         0    0.1089        37       416   0.01754    0.2472   0.01006  0.001741   0.08309   0.01245         0
     5/299     7.64G    0.0848   0.01941         0    0.1042        37       416    0.1054    0.2247   0.05264    0.0126   0.07923   0.01241         0
     6/299     7.64G   0.07937    0.0177         0   0.09708        30       416     0.265    0.3146    0.1764   0.03587    0.0786   0.01112         0
     7/299     7.64G   0.07484   0.01961         0   0.09445        51       416    0.3666    0.2472    0.2146   0.05533   0.07201   0.01079         0
     8/299     7.64G    0.0733   0.01674         0   0.09004        27       416    0.2448    0.3258    0.1812   0.03189   0.06913    0.0108         0
     9/299     7.64G   0.06968   0.01384         0   0.08352        25       416    0.3612    0.4828    0.3583   0.09873   0.06511  0.009557         0
    10/299     7.64G   0.07236   0.01542         0   0.08778        56       416    0.3043    0.4817    0.3555   0.07569   0.06758  0.008914         0
    11/299     7.64G    0.0683   0.01453         0   0.08283        44       416    0.4367    0.6273    0.5005    0.1357   0.06599  0.009225         0
    12/299     7.64G   0.06529   0.01437         0   0.07966        41       416    0.5646     0.573    0.5763    0.1774   0.05636  0.009177         0
    13/299     7.64G   0.06453   0.01274         0   0.07727        40       416    0.4418    0.3596    0.3083   0.07345   0.07481  0.008069         0
    14/299     7.64G   0.06642   0.01361         0   0.08003        37       416     0.556    0.6049    0.5296    0.1808    0.0563  0.008242         0
    15/299     7.64G   0.07081   0.01311         0   0.08391        36       416    0.3694    0.4719    0.3198   0.08307   0.07214  0.007393         0
    16/299     7.66G   0.06918   0.01347         0   0.08265        64       416    0.4928    0.5506    0.5071    0.1441   0.06722  0.008308         0
    17/299     7.66G   0.07119   0.01342         0   0.08461        48       416    0.4187    0.5506     0.448     0.125   0.06595  0.007876         0
    18/299     7.66G   0.06766   0.01304         0    0.0807        46       416    0.6247    0.5618    0.6087    0.1578   0.05884  0.007869         0
    19/299     7.66G   0.06208   0.01227         0   0.07435        46       416    0.6624    0.6174    0.5956    0.2191   0.05717  0.007558         0
    20/299     7.66G   0.06182   0.01185         0   0.07367        31       416    0.7476    0.4719    0.6214    0.1768   0.05553  0.008351         0
    21/299     7.66G   0.06771   0.01205         0   0.07977        26       416     0.555     0.618    0.6007    0.2011    0.0584  0.007567         0
    22/299     7.66G   0.06086    0.0142         0   0.07506        55       416    0.5545    0.6712    0.6593    0.2286   0.05977   0.00713         0
    23/299     7.66G   0.06157   0.01346         0   0.07503        53       416    0.5508    0.6629    0.6366    0.2246   0.05192  0.007397         0
    24/299     7.66G   0.05835   0.01174         0   0.07009        28       416    0.5347    0.5169    0.4847    0.1637      0.06  0.006507         0
    25/299     7.66G   0.06302   0.01262         0   0.07564        48       416    0.7683    0.6742    0.7016    0.2801   0.05421  0.007616         0
    26/299     7.66G   0.05673   0.01172         0   0.06845        29       416     0.617    0.5793    0.5852    0.2139   0.05312   0.00774         0
    27/299     7.66G   0.05739   0.01117         0   0.06857        41       416    0.7384    0.5391    0.6483    0.2018   0.05318  0.007457         0
    28/299     7.66G   0.06179   0.01126         0   0.07306        37       416    0.5974    0.5843    0.5612    0.2303   0.05214  0.007922         0
    29/299     7.66G   0.05542   0.01069         0   0.06611        30       416    0.6904    0.6516    0.6249    0.2365   0.05288  0.007531         0
    30/299     7.66G   0.05483   0.01027         0    0.0651        37       416     0.739    0.6067    0.6781    0.2657   0.05468  0.007037         0
    31/299     7.66G   0.06079   0.01028         0   0.07108        39       416    0.7699    0.6391    0.6961    0.2168   0.05662  0.006675         0
    32/299     7.66G   0.05973  0.009615         0   0.06935        36       416    0.7354    0.6247     0.689    0.2614   0.04756  0.006994         0
    33/299     7.66G   0.05215   0.01231         0   0.06447        57       416    0.7019    0.7407    0.7576    0.2978   0.04856  0.006612         0
    34/299     7.66G   0.05688   0.01195         0   0.06883        66       416    0.7419    0.7752    0.7724    0.2933   0.05176  0.006359         0
    35/299     7.66G   0.05379   0.01017         0   0.06396        25       416    0.6726    0.7386    0.7248    0.2773   0.04831  0.007774         0
    36/299     7.66G   0.05469    0.0103         0   0.06499        47       416    0.7681    0.7069     0.731    0.2714   0.04947  0.007268         0
    37/299     7.66G   0.05424   0.01095         0   0.06519        54       416    0.7251    0.7416    0.7151    0.3034   0.04826  0.007074         0
    38/299     7.66G   0.05074  0.009998         0   0.06074        46       416     0.794    0.6966    0.7049    0.2707   0.05117  0.007477         0
    39/299     7.66G   0.05063   0.01208         0   0.06271        49       416    0.7608    0.7863    0.8383    0.3424   0.04473  0.006334         0
    40/299     7.66G   0.05152   0.01005         0   0.06157        30       416    0.7805    0.6391    0.7553    0.2345   0.05489  0.006252         0
    41/299     7.66G   0.05313   0.01051         0   0.06365        32       416    0.8087     0.764    0.8253    0.3516   0.04693  0.006978         0
    42/299     7.66G   0.04756   0.00988         0   0.05744        18       416    0.8194    0.6119    0.6858    0.2306   0.05531  0.007344         0
    43/299     7.66G    0.0501   0.01101         0   0.06111        43       416    0.9188    0.7632    0.8554    0.3923   0.04122  0.006789         0
    44/299     7.66G   0.05001  0.009636         0   0.05965        43       416    0.8295    0.8202     0.842    0.3579   0.04246  0.006297         0
    45/299     7.66G   0.04708   0.01019         0   0.05727        37       416    0.7188    0.7191    0.7408    0.2349   0.05583  0.006496         0
    46/299     7.66G   0.05734   0.01014         0   0.06748        24       416    0.8246    0.8539    0.8535    0.3666   0.04464  0.006403         0
    47/299     7.66G   0.05962  0.008876         0   0.06849        46       416     0.633    0.7191    0.7146    0.2552   0.05262  0.006838         0
    48/299     7.66G   0.05557   0.01058         0   0.06615        26       416    0.7313    0.7079    0.7614    0.2551   0.05185  0.006443         0
    49/299     7.66G   0.05618   0.01035         0   0.06653        38       416    0.8107    0.6737    0.7668     0.368   0.04582  0.006688         0
    50/299     7.66G   0.05318   0.00833         0   0.06151        40       416    0.9103     0.573     0.748    0.2674   0.05262  0.007425         0
    51/299     7.66G   0.05358   0.01046         0   0.06404        28       416    0.8718    0.7639    0.8221    0.3363    0.0465  0.006589         0
    52/299     7.66G   0.04866  0.009406         0   0.05806        28       416    0.7616    0.7191    0.8034    0.3263   0.04508  0.006466         0
    53/299     7.66G   0.04665  0.009732         0   0.05638        51       416     0.732    0.7079    0.7035    0.3359    0.0471  0.007002         0
    54/299     7.66G   0.04782    0.0103         0   0.05813        37       416    0.8404    0.6517    0.6963    0.2697   0.05308  0.008547         0
    55/299     7.66G   0.04654   0.01054         0   0.05708        43       416    0.8071    0.6629    0.7166    0.3593   0.04738  0.009543         0
    56/299     7.66G   0.04982   0.01097         0   0.06079        44       416    0.9176    0.7528    0.8249    0.3694   0.04552  0.007517         0
    57/299     7.66G   0.04601  0.008948         0   0.05496        43       416    0.7171    0.7977    0.7919    0.3117   0.05118   0.00569         0
    58/299     7.66G   0.04533  0.009828         0   0.05516        29       416    0.8273    0.8076     0.839    0.3524   0.04678  0.005938         0
    59/299     7.66G   0.04573   0.00916         0   0.05489        29       416    0.8552    0.7301    0.7955    0.3575   0.04325  0.006754         0
    60/299     7.66G   0.04174   0.01013         0   0.05186        52       416    0.9024    0.8313    0.8813    0.3841   0.04332  0.005845         0
    61/299     7.66G   0.04397  0.008611         0   0.05259        31       416    0.8693    0.7528    0.8331    0.3289   0.04975   0.00654         0
    62/299     7.66G   0.04903   0.01072         0   0.05975        64       416    0.7468    0.7303    0.7468    0.2575   0.05377  0.006563         0
    63/299     7.66G   0.04427    0.0107         0   0.05498        29       416    0.8883     0.809    0.8659    0.4299   0.04319  0.006382         0
    64/299     7.66G   0.04164   0.01033         0   0.05197        45       416    0.8809    0.8313     0.858    0.4495   0.03882  0.007331         0
    65/299     7.66G    0.0443  0.009077         0   0.05338        36       416    0.9111     0.809    0.8592    0.4682   0.03972  0.006273         0
    66/299     7.66G    0.0391  0.008767         0   0.04787        36       416    0.8947     0.764    0.8287    0.4021    0.0445  0.006215         0
    67/299     7.66G   0.03955   0.01079         0   0.05034        41       416    0.9136    0.8314     0.863    0.4491   0.04133  0.005808         0
    68/299     7.66G   0.03882  0.008299         0   0.04712        34       416    0.9164    0.7416    0.8396    0.4081   0.04436  0.006296         0
    69/299     7.66G   0.03697  0.009284         0   0.04626        33       416    0.9374    0.8427    0.9301    0.4108    0.0408  0.005608         0
    70/299     7.66G   0.04285  0.009525         0   0.05237        29       416    0.8937    0.8539    0.8775     0.379   0.04122  0.005665         0
    71/299     7.66G   0.04218  0.009706         0   0.05188        39       416    0.8673     0.809    0.8443    0.4045   0.04328  0.005888         0
    72/299     7.66G    0.0438  0.009375         0   0.05317        72       416    0.8354    0.7416     0.783    0.3801   0.04447    0.0066         0
    73/299     7.66G   0.03685  0.009131         0   0.04598        39       416    0.8142    0.7416     0.793    0.3703   0.04637  0.007045         0
    74/299     7.66G   0.04091   0.00906         0   0.04997        43       416     0.869    0.8202    0.8794    0.4331    0.0405   0.00675         0
    75/299     7.66G   0.03756  0.009387         0   0.04695        37       416    0.9079    0.7752    0.8541    0.4268   0.04107  0.006234         0
    76/299     7.66G   0.04055  0.009614         0   0.05017        29       416    0.7588    0.7079    0.7069    0.2627   0.05051  0.007153         0
    77/299     7.66G   0.04037  0.008516         0   0.04888        39       416    0.8734    0.7751    0.8418    0.3994    0.0424  0.006102         0
    78/299     7.66G   0.04053  0.009501         0   0.05003        39       416    0.8047    0.6966    0.7723    0.3631   0.04742  0.006584         0
    79/299     7.66G   0.03941  0.008831         0   0.04824        38       416    0.8076    0.7079    0.7647    0.3505   0.04562  0.006199         0
    80/299     7.66G   0.04107  0.008686         0   0.04975        45       416    0.8202    0.8198    0.8275     0.407   0.04424   0.00629         0
    81/299     7.66G   0.03799   0.01002         0     0.048        37       416    0.7824    0.7753    0.7703    0.3512   0.04714  0.005992         0
    82/299     7.66G   0.04244  0.008864         0    0.0513        45       416    0.8886    0.7191    0.8031    0.3833   0.04799   0.00626         0
    83/299     7.66G   0.04161  0.008465         0   0.05007        38       416    0.8111    0.8201    0.8059    0.3801   0.04546  0.006547         0
    84/299     7.66G   0.04194  0.009308         0   0.05124        32       416      0.88    0.7415    0.8194    0.4088   0.04229  0.006301         0
    85/299     7.66G   0.03733  0.008448         0   0.04577        58       416    0.8812    0.7528    0.8151    0.4061   0.04306  0.005929         0
    86/299     7.66G   0.03807  0.008528         0    0.0466        33       416    0.8571    0.7413    0.8143    0.3691   0.04697  0.006637         0
    87/299     7.66G   0.04176  0.009018         0   0.05078        35       416    0.8394     0.764     0.794    0.3628   0.04735  0.006508         0
    88/299     7.66G   0.04259  0.008375         0   0.05097        44       416    0.8889     0.809     0.868    0.4262   0.04119  0.006133         0
    89/299     7.66G   0.03562  0.008892         0   0.04451        44       416    0.9122    0.8202    0.8695    0.4268   0.04179  0.005966         0
    90/299     7.66G   0.03698  0.008548         0   0.04553        43       416    0.8946    0.7632    0.8558    0.3916   0.04539  0.006461         0
    91/299     7.66G   0.03813  0.009493         0   0.04762        38       416    0.9091    0.7863    0.8509    0.3749   0.04211  0.006402         0
    92/299     7.66G   0.03827  0.009474         0   0.04774        76       416    0.9167    0.7416    0.8088    0.3578   0.04394  0.007352         0
    93/299     7.66G   0.03531  0.009247         0   0.04456        36       416    0.8871    0.6179    0.7246    0.3143    0.0476  0.007267         0
    94/299     7.66G   0.03395  0.009142         0   0.04309        48       416    0.9719    0.7865    0.8992    0.4411   0.03917  0.006047         0
    95/299     7.66G   0.03549  0.008914         0   0.04441        53       416    0.8497     0.764    0.8084    0.3661   0.04323  0.006486         0
    96/299     7.66G    0.0388  0.009418         0   0.04822        31       416    0.8835    0.7753    0.8434    0.3791    0.0444   0.00657         0
    97/299     7.66G   0.03439  0.009061         0   0.04345        40       416    0.7972    0.6627    0.7345    0.3089   0.05099   0.00852         0
    98/299     7.66G   0.03662  0.008846         0   0.04547        45       416    0.9091    0.7863    0.8246    0.3824   0.04352  0.007178         0
    99/299     7.66G   0.03651  0.008601         0   0.04511        56       416    0.8942     0.764    0.8331    0.3296   0.04637  0.007414         0
   100/299     7.66G   0.03944  0.009255         0    0.0487        58       416    0.9241    0.6854    0.7547    0.3918   0.04363  0.007742         0
   101/299     7.66G   0.03756  0.009912         0   0.04747        50       416    0.8481    0.8202     0.806    0.4024     0.041  0.006702         0
   102/299     7.66G   0.03489  0.008397         0   0.04329        41       416     0.878    0.8087    0.8711    0.4302   0.04391  0.006726         0
   103/299     7.66G   0.03883  0.009776         0   0.04861        48       416    0.8959    0.7753    0.8367     0.389   0.04568    0.0063         0
   104/299     7.66G   0.03842  0.008747         0   0.04717        40       416    0.9025    0.7303    0.7933       0.4   0.04457  0.006846         0
   105/299     7.66G   0.03395  0.007499         0   0.04145        38       416    0.8833    0.7753    0.8406    0.3875   0.04327  0.006703         0
   106/299     7.66G   0.03435  0.007948         0    0.0423        34       416    0.8506    0.8315    0.8679    0.4536   0.03819  0.006192         0
   107/299     7.66G   0.03458  0.008481         0   0.04307        37       416    0.8443    0.8539    0.8487    0.4528   0.03877  0.006303         0
   108/299     7.66G   0.03464   0.00846         0    0.0431        22       416    0.9036    0.7416    0.7974    0.3839   0.04184  0.007087         0
   109/299     7.66G   0.03154  0.008181         0   0.03973        34       416    0.8664    0.7303    0.7586    0.3479   0.04357  0.006678         0
   110/299     7.66G   0.03099  0.008913         0   0.03991        43       416    0.9709    0.7528    0.8704    0.4228   0.03996  0.006486         0
   111/299     7.66G   0.03375  0.008642         0    0.0424        59       416    0.8972    0.7865     0.849    0.4244   0.04012  0.006359         0
   112/299     7.66G   0.03179  0.007607         0    0.0394        44       416    0.8901    0.8202    0.8562    0.4512   0.03799  0.006125         0
   113/299     7.66G   0.03083  0.008256         0   0.03908        40       416    0.9103    0.7977    0.8335    0.4406   0.03903   0.00616         0
   114/299     7.66G   0.03158  0.008627         0   0.04021        30       416    0.8452    0.8652     0.858    0.4458   0.03995  0.006057         0
   115/299     7.66G   0.03062  0.007151         0   0.03777        30       416     0.894    0.8533    0.8952     0.459    0.0404  0.006305         0
   116/299     7.66G   0.03305  0.008731         0   0.04178        51       416     0.924    0.8198    0.8843    0.4649   0.03842  0.006239         0
   117/299     7.66G   0.03068  0.008804         0   0.03948        36       416    0.9268    0.8539    0.8994    0.4577   0.03891  0.005978         0
   118/299     7.66G   0.02968  0.008568         0   0.03824        65       416    0.8947     0.764    0.8302    0.3878   0.04459  0.006687         0
   119/299     7.66G   0.03399  0.007699         0   0.04169        41       416    0.9467    0.7976    0.8698     0.486   0.03623  0.006354         0
   120/299     7.66G   0.03029  0.007764         0   0.03805        32       416    0.9333    0.7865    0.8478    0.4315   0.03865  0.006938         0
   121/299     7.66G   0.03282  0.008858         0   0.04168        41       416    0.8629    0.7079    0.7558     0.386   0.04241  0.007521         0
   122/299     7.66G   0.02864  0.007717         0   0.03636        40       416    0.8094     0.764    0.7709    0.3989   0.04117  0.008125         0
   123/299     7.66G   0.03108  0.007617         0    0.0387        38       416    0.9197    0.7753    0.8475    0.4726   0.03715  0.007046         0
   124/299     7.66G   0.03169  0.008124         0   0.03982        34       416    0.9458    0.7865    0.8622    0.4682    0.0391  0.006551         0
   125/299     7.66G   0.02934  0.007851         0   0.03719        29       416    0.9436    0.7528    0.8363    0.4421   0.04276  0.007369         0
   126/299     7.66G   0.02994   0.00671         0   0.03665        37       416    0.9315     0.764    0.8319    0.4667   0.03817  0.007252         0
   127/299     7.66G   0.02994  0.007149         0   0.03708        42       416    0.8536    0.7859    0.7899    0.4154   0.03978  0.006907         0
   128/299     7.66G   0.02794  0.007113         0   0.03506        37       416    0.9311     0.764    0.8555    0.4214   0.04109  0.006837         0
   129/299     7.66G   0.02811   0.00727         0   0.03538        31       416    0.9419    0.7303    0.8255    0.4179   0.04291  0.007152         0
   130/299     7.66G   0.02872  0.006814         0   0.03554        32       416    0.9199    0.7753    0.8548    0.4623   0.04055  0.006922         0
   131/299     7.66G   0.03003  0.007551         0   0.03759        59       416    0.8571     0.809    0.8605    0.4348   0.04059  0.007011         0
   132/299     7.66G   0.03163  0.008017         0   0.03965        44       416    0.8706    0.8314    0.8895    0.4712   0.03744  0.006412         0
   133/299     7.66G   0.03189   0.00777         0   0.03966        37       416      0.96    0.8085     0.882    0.4824   0.03845  0.006343         0
   134/299     7.66G   0.02965  0.007333         0   0.03698        52       416    0.9451    0.7753    0.8448     0.445   0.04175   0.00654         0
   135/299     7.66G   0.02889  0.007896         0   0.03678        41       416    0.9437    0.7527    0.8373     0.441   0.04134  0.006696         0
   136/299     7.66G   0.02873  0.007264         0   0.03599        39       416    0.9114    0.8089    0.8463    0.4637   0.03993   0.00683         0
   137/299     7.66G   0.02715  0.007428         0   0.03458        43       416    0.8915    0.8315    0.8812    0.4899   0.03788  0.006786         0
   138/299     7.66G   0.02762  0.007217         0   0.03483        45       416    0.9228     0.806    0.8817    0.4773   0.03628  0.006647         0
   139/299     7.66G    0.0276  0.007002         0    0.0346        48       416    0.9359    0.8202    0.8691    0.4638   0.03925  0.006507         0
   140/299     7.66G   0.02732  0.007182         0    0.0345        40       416    0.9239    0.8202    0.8842    0.4709   0.03815  0.006739         0
   141/299     7.66G    0.0268  0.007974         0   0.03477        39       416    0.9258    0.8427    0.9249     0.514   0.03562  0.005879         0
   142/299     7.66G   0.02724  0.006575         0   0.03381        46       416    0.9589    0.7865    0.8767    0.4509    0.0426  0.006203         0
   143/299     7.66G   0.03087  0.007396         0   0.03826        28       416    0.9209    0.7865    0.8535    0.4175   0.04239  0.006558         0
   144/299     7.66G   0.02872  0.008251         0   0.03697        56       416    0.8875    0.7978    0.8382     0.437   0.04097  0.006958         0
   145/299     7.66G   0.02563  0.006751         0   0.03238        28       416    0.8222    0.8314    0.8238    0.4134    0.0396  0.007778         0
   146/299     7.66G   0.02642  0.007905         0   0.03433        38       416    0.8918    0.7416     0.797    0.3831   0.04304    0.0082         0
   147/299     7.66G   0.02681  0.007127         0   0.03394        37       416    0.8888     0.809    0.8161    0.4462    0.0382  0.007273         0
   148/299     7.66G    0.0259  0.006996         0   0.03289        38       416    0.9342    0.7977     0.869    0.4618   0.03731  0.007172         0
   149/299     7.66G   0.02637  0.006619         0   0.03298        42       416    0.9718    0.7748    0.8859     0.503   0.03596  0.006997         0
   150/299     7.66G   0.02775  0.006976         0   0.03473        35       416     0.835    0.8529    0.8747    0.4683   0.03717  0.006911         0
   151/299     7.66G   0.02928  0.007338         0   0.03662        45       416    0.9113     0.809    0.8734    0.4189   0.04007  0.006501         0
   152/299     7.66G   0.02775  0.007499         0   0.03525        57       416    0.8902      0.82    0.8759    0.4521   0.03952  0.006804         0
   153/299     7.66G   0.02521  0.006508         0   0.03172        25       416    0.9136    0.8314    0.8782    0.4785   0.03879  0.007097         0
   154/299     7.66G   0.02572  0.006908         0   0.03263        55       416    0.9257    0.8427    0.8816    0.4909   0.03696  0.006854         0
   155/299     7.66G   0.02696  0.007466         0   0.03442        29       416    0.9114     0.809     0.859    0.4741   0.03735  0.006888         0
   156/299     7.66G   0.02907  0.007329         0    0.0364        41       416    0.9024    0.8312    0.8717    0.4559   0.03811  0.006556         0
   157/299     7.66G   0.02899  0.006788         0   0.03578        36       416    0.9472     0.809    0.8817    0.4803   0.03649  0.006204         0
   158/299     7.66G   0.02535  0.007357         0   0.03271        46       416    0.9712     0.764    0.8599     0.462   0.03813  0.006213         0
   159/299     7.66G   0.02656  0.006491         0   0.03305        48       416    0.9452    0.7753    0.8694    0.4504   0.03843  0.006299         0
   160/299     7.66G   0.02603  0.007222         0   0.03325        34       416    0.9591    0.7978    0.8823    0.4629   0.03836  0.006409         0
   161/299     7.66G   0.02471  0.007068         0   0.03178        29       416     0.958    0.7865    0.8874    0.4965   0.03701  0.006533         0
   162/299     7.66G   0.02403  0.006145         0   0.03017        40       416    0.9267    0.8527    0.9204    0.5176    0.0349   0.00622         0
   163/299     7.66G   0.02485  0.006531         0   0.03138        29       416     0.934    0.7978    0.8732    0.4935   0.03558  0.006492         0
   164/299     7.66G   0.02414   0.00635         0   0.03049        27       416    0.8297    0.8764     0.877    0.4832   0.03582  0.006785         0
   165/299     7.66G   0.02454  0.006844         0   0.03139        46       416     0.945    0.7753    0.8644    0.4914   0.03518  0.006397         0
   166/299     7.66G   0.02447  0.006117         0   0.03059        50       416    0.9075    0.7753    0.8464    0.4775   0.03707  0.006983         0
   167/299     7.66G   0.02377  0.006027         0    0.0298        34       416    0.8987    0.7974    0.8367    0.4453     0.039  0.007104         0
   168/299     7.66G   0.02731  0.007152         0   0.03446        36       416    0.9102    0.7977    0.8521    0.4684   0.03646  0.007039         0
   169/299     7.66G   0.02358  0.006385         0   0.02997        66       416    0.8916    0.8314    0.8637    0.4495   0.03888  0.006619         0
   170/299     7.66G   0.02486  0.006903         0   0.03176        49       416     0.923     0.809    0.8496    0.4701   0.03751  0.006679         0
   171/299     7.66G   0.02808  0.005971         0   0.03405        43       416    0.9714    0.7639    0.8502    0.4639    0.0382   0.00696         0
   172/299     7.66G   0.02973  0.006551         0   0.03628        35       416    0.8974    0.7865    0.8395    0.4708   0.03857   0.00673         0
   173/299     7.66G   0.02658  0.006473         0   0.03305        46       416    0.8675     0.809    0.8232    0.4354    0.0392  0.006785         0
   174/299     7.66G   0.02322  0.006313         0   0.02953        44       416    0.8734    0.7752    0.8183    0.4443   0.03909   0.00702         0
   175/299     7.66G   0.02363  0.006371         0   0.03001        34       416    0.8974    0.7865    0.8186    0.4604   0.03717  0.007139         0
   176/299     7.66G   0.02391  0.005471         0   0.02938        29       416    0.8642    0.7864    0.8135    0.4451    0.0377  0.007385         0
   177/299     7.66G   0.02406    0.0071         0   0.03116        44       416     0.886    0.7863    0.8013    0.4227   0.03973  0.007423         0
   178/299     7.66G   0.02168  0.005721         0    0.0274        42       416     0.935     0.809    0.8423    0.4337   0.03897   0.00708         0
   179/299     7.66G   0.02682  0.007175         0     0.034        27       416    0.8947     0.764    0.8093    0.4342   0.03899  0.007355         0
   180/299     7.66G   0.02517  0.007872         0   0.03304        46       416    0.9419    0.7303    0.8094    0.4347   0.03911  0.007471         0
   181/299     7.66G   0.02278   0.00657         0   0.02935        44       416    0.9575     0.764    0.8419    0.4529   0.04031   0.00688         0
   182/299     7.66G   0.02256  0.006613         0   0.02917        36       416     0.878    0.8089    0.8386    0.4434   0.03998   0.00674         0
   183/299     7.66G   0.02454  0.006018         0   0.03056        32       416    0.8846    0.7752    0.8174    0.4404   0.03921  0.006743         0
   184/299     7.66G   0.02478  0.006137         0   0.03092        36       416    0.9437    0.7527    0.8611     0.459   0.03942  0.006836         0
   185/299     7.66G   0.02561   0.00657         0   0.03218        37       416    0.9153    0.7303    0.8245     0.413   0.03944  0.007358         0
   186/299     7.66G   0.02263  0.006363         0   0.02899        62       416    0.8681    0.7416    0.8165    0.4351   0.03785  0.007633         0
   187/299     7.66G   0.02278  0.005852         0   0.02863        22       416    0.9026    0.7303    0.8094    0.4469   0.03802  0.008002         0
   188/299     7.66G   0.02595  0.006629         0   0.03258        55       416    0.8831     0.764    0.8277    0.4494   0.03871  0.007842         0
   189/299     7.66G   0.02361  0.006136         0   0.02974        41       416    0.8607    0.7639    0.8246    0.4413   0.03829  0.007586         0
   190/299     7.66G   0.02229  0.006061         0   0.02835        44       416     0.839    0.8202    0.8381    0.4426   0.04008  0.007212         0
   191/299     7.66G   0.02367   0.00605         0   0.02972        61       416    0.8409    0.8314     0.839    0.4566   0.03736  0.007236         0
   192/299     7.66G   0.02273  0.006867         0    0.0296        33       416    0.8888     0.809    0.8266    0.4406   0.03869  0.007128         0
   193/299     7.66G    0.0229  0.006035         0   0.02893        28       416    0.8831    0.7639    0.7992    0.4224   0.04187  0.007357         0
   194/299     7.66G   0.02441  0.005792         0    0.0302        52       416    0.8947     0.764    0.8158    0.4251   0.03802  0.007575         0
   195/299     7.66G   0.02165  0.005702         0   0.02735        35       416    0.9284    0.7303    0.8131    0.4321   0.03805  0.007985         0
   196/299     7.66G   0.02181  0.005886         0   0.02769        36       416    0.8749    0.7857    0.8331    0.4412    0.0381   0.00792         0
   197/299     7.66G   0.02253  0.006352         0   0.02888        40       416    0.9166    0.7416    0.8312    0.4645    0.0378  0.007651         0
   198/299     7.66G   0.02258  0.006328         0   0.02891        37       416    0.8974    0.7865    0.8421    0.4593   0.04053  0.007272         0
   199/299     7.66G   0.02276   0.00637         0   0.02913        36       416    0.9188    0.7632    0.8403    0.4641   0.03986  0.007406         0
   200/299     7.66G   0.02403  0.006667         0   0.03069        21       416     0.857     0.809    0.8382    0.4639   0.03895   0.00778         0
   201/299     7.66G   0.02291  0.006526         0   0.02944        39       416    0.9063     0.764     0.814    0.4454   0.03997  0.008354         0
   202/299     7.66G   0.02022  0.005085         0    0.0253        36       416    0.9028    0.7303    0.8097     0.433   0.03961  0.008339         0
   203/299     7.66G   0.01994  0.006067         0   0.02601        33       416     0.886    0.7865    0.8267    0.4644   0.03725  0.007489         0
   204/299     7.66G    0.0198  0.005541         0   0.02535        33       416     0.945    0.7753    0.8499    0.4674   0.03759  0.007009         0
   205/299     7.66G   0.02111  0.005254         0   0.02636        28       416    0.9091    0.7865    0.8236    0.4499   0.03953  0.006505         0
   206/299     7.66G   0.02156  0.005699         0   0.02726        25       416    0.8987    0.7977    0.8195    0.4428   0.03918  0.006574         0
   207/299     7.66G   0.01984  0.005443         0   0.02528        38       416    0.8433    0.7865    0.7762    0.4227   0.04131   0.00685         0
   208/299     7.66G   0.02258   0.00587         0   0.02845        30       416    0.9297    0.7528    0.7962    0.4045   0.04178  0.007544         0
   209/299     7.66G   0.02172  0.006188         0    0.0279        35       416    0.8904    0.7303    0.7812    0.3973   0.04229  0.007843         0
   210/299     7.66G   0.02112  0.005945         0   0.02707        43       416    0.8846    0.7753    0.8232    0.4276    0.0409  0.007098         0
   211/299     7.66G   0.02132  0.005511         0   0.02683        27       416    0.8947     0.764    0.8334    0.4469   0.03972  0.006876         0
   212/299     7.66G   0.02083  0.005518         0   0.02635        24       416    0.8554    0.7978    0.8295    0.4513   0.03889  0.006827         0
   213/299     7.66G      0.02   0.00586         0   0.02586        51       416    0.9114     0.809    0.8624    0.4648   0.03756  0.006733         0
   214/299     7.66G   0.02032  0.006299         0   0.02662        43       416     0.925    0.8314    0.8796    0.4672   0.03847   0.00689         0
   215/299     7.66G   0.02292  0.005758         0   0.02868        46       416    0.9452    0.7753    0.8554    0.4357    0.0385  0.006928         0
   216/299     7.66G   0.02139  0.005789         0   0.02718        26       416      0.89    0.8202    0.8832     0.453   0.03812  0.007096         0
   217/299     7.66G   0.01826  0.005659         0   0.02392        45       416     0.945    0.7753    0.8604     0.459   0.03747  0.007054         0
   218/299     7.66G   0.01853  0.005142         0   0.02367        47       416     0.862    0.8425    0.8795    0.4753   0.03776  0.006847         0
   219/299     7.66G   0.02177  0.006247         0   0.02802        43       416       0.9    0.8089    0.8711     0.477   0.03808  0.006983         0
   220/299     7.66G   0.02156  0.005397         0   0.02696        47       416    0.8886     0.809    0.8559    0.4349   0.03923  0.007429         0
   221/299     7.66G    0.0213  0.005715         0   0.02702        40       416    0.9103    0.7977    0.8554    0.4523   0.03781  0.007244         0
   222/299     7.66G   0.01941  0.005838         0   0.02525        38       416    0.9695    0.7416     0.842    0.4574   0.03737  0.007372         0
   223/299     7.66G   0.01985  0.005406         0   0.02526        34       416     0.878    0.8089     0.841     0.473   0.03616  0.007415         0
   224/299     7.66G   0.01937  0.005565         0   0.02494        48       416    0.9315    0.7639    0.8353     0.437   0.03875  0.007636         0
   225/299     7.66G   0.02058  0.005845         0   0.02643        47       416    0.8567     0.809    0.8243    0.4497   0.04076  0.007894         0
   226/299     7.66G   0.01937  0.005277         0   0.02464        33       416    0.8875    0.7978    0.8276    0.4357   0.03946  0.007964         0
   227/299     7.66G   0.01864  0.005604         0   0.02424        66       416     0.878    0.8087    0.8364    0.4505   0.03843  0.007666         0
   228/299     7.66G    0.0185  0.005316         0   0.02381        24       416    0.9333    0.7865    0.8414    0.4747   0.03768  0.007228         0
   229/299     7.66G   0.01904  0.006072         0   0.02511        48       416    0.9024    0.8315    0.8598    0.4911   0.03642  0.006849         0
   230/299     7.66G   0.01834  0.005877         0   0.02422        37       416    0.9136    0.8314     0.864    0.4903   0.03628  0.007159         0
   231/299     7.66G   0.01768    0.0049         0   0.02258        33       416    0.9024    0.8314    0.8609    0.4875   0.03639  0.007226         0
   232/299     7.66G   0.01912  0.005935         0   0.02506        46       416     0.878     0.809    0.8478    0.4607   0.03888   0.00739         0
   233/299     7.66G   0.01904  0.005802         0   0.02484        34       416    0.8705    0.8315    0.8453    0.4552   0.03872  0.007543         0
   234/299     7.66G   0.01938  0.004998         0   0.02438        53       416    0.8554    0.7976    0.8278    0.4443   0.03955  0.007453         0
   235/299     7.66G   0.01841  0.004754         0   0.02317        83       416    0.8391    0.8201    0.8256     0.445   0.03934   0.00749         0
   236/299     7.66G   0.01975  0.005534         0   0.02528        35       416    0.8861    0.7864    0.8233    0.4473   0.03987  0.007599         0
   237/299     7.66G   0.01827  0.005482         0   0.02375        42       416    0.8658    0.7977    0.8213    0.4397   0.04002  0.007876         0
   238/299     7.66G   0.01918  0.005539         0   0.02472        42       416    0.9066     0.764    0.8233    0.4425   0.04053  0.008137         0
   239/299     7.66G   0.01885  0.005718         0   0.02457        43       416    0.9097    0.7978    0.8387    0.4461   0.03912  0.008014         0
   240/299     7.66G   0.01873  0.005234         0   0.02396        37       416    0.9429    0.7415    0.8272    0.4543   0.03877  0.007911         0
   241/299     7.66G   0.01737  0.004785         0   0.02215        39       416    0.9209    0.7865    0.8274    0.4529   0.03858  0.007822         0
   242/299     7.66G    0.0172   0.00501         0   0.02221        47       416    0.9199    0.7753      0.84    0.4593   0.03783  0.007872         0
   243/299     7.66G   0.01989  0.005549         0   0.02544        39       416    0.9078    0.7753    0.8337    0.4592   0.03796  0.007852         0
   244/299     7.66G     0.019  0.004785         0   0.02379        38       416    0.8861    0.7865    0.7984    0.4575   0.03838  0.007727         0
   245/299     7.66G   0.01831  0.005291         0    0.0236        43       416    0.9315    0.7639    0.8062    0.4496    0.0383   0.00753         0
   246/299     7.66G   0.01809  0.005603         0   0.02369        32       416    0.9199    0.7753    0.8251    0.4679   0.03796  0.007613         0
   247/299     7.66G   0.01893  0.005174         0    0.0241        49       416    0.9079    0.7753    0.8312    0.4568   0.03802  0.007584         0
   248/299     7.66G   0.01845  0.005419         0   0.02387        37       416    0.8961    0.7753    0.8276    0.4571   0.03818  0.007706         0
   249/299     7.66G   0.01842  0.005244         0   0.02367        41       416    0.9331    0.7865    0.8539     0.454   0.03753  0.007635         0
   250/299     7.66G   0.01831  0.004904         0   0.02322        34       416    0.9333    0.7865    0.8656    0.4592   0.03783  0.007535         0
   251/299     7.66G   0.01792   0.00478         0    0.0227        24       416    0.9333    0.7865    0.8603    0.4584    0.0376  0.007379         0
   252/299     7.66G   0.01631  0.005913         0   0.02222        63       416     0.921    0.7865    0.8403    0.4537   0.03817  0.007326         0
   253/299     7.66G   0.01807  0.005235         0    0.0233        25       416    0.8987    0.7978    0.8405    0.4576   0.03834  0.007377         0
   254/299     7.66G   0.01589  0.004777         0   0.02067        44       416    0.9114    0.8089    0.8575    0.4634   0.03739  0.007508         0
   255/299     7.66G   0.01633  0.004797         0   0.02113        48       416    0.8902    0.8202     0.862    0.4731   0.03689  0.007435         0
   256/299     7.66G   0.01727  0.004998         0   0.02227        55       416    0.8915    0.8313    0.8564    0.4723   0.03711  0.007314         0
   257/299     7.66G   0.01543  0.004892         0   0.02032        38       416     0.923     0.809    0.8487    0.4665   0.03782  0.007353         0
   258/299     7.66G   0.01689  0.005074         0   0.02196        51       416     0.921    0.7865    0.8497    0.4712   0.03838  0.007341         0
   259/299     7.66G   0.01737  0.005075         0   0.02244        31       416    0.9324    0.7752    0.8505    0.4652   0.03885  0.007269         0
   260/299     7.66G   0.01733  0.005423         0   0.02276        49       416    0.8805    0.8315    0.8526    0.4716   0.03954  0.007262         0
   261/299     7.66G   0.01708  0.004777         0   0.02185        37       416    0.8947     0.764    0.8406    0.4519   0.03971  0.007706         0
   262/299     7.66G   0.01636  0.004958         0   0.02132        42       416    0.9054    0.7528    0.8281    0.4685   0.03866  0.007785         0
   263/299     7.66G   0.01662  0.005237         0   0.02186        56       416    0.9065     0.764    0.8365    0.4687   0.03923  0.007786         0
   264/299     7.66G   0.01702  0.005281         0    0.0223        50       416    0.8987    0.7977    0.8403    0.4722   0.03866  0.007493         0
   265/299     7.66G   0.01472  0.004484         0    0.0192        57       416    0.9065     0.764    0.8309     0.473   0.03854   0.00744         0
   266/299     7.66G   0.01573  0.004959         0   0.02069        26       416    0.8554    0.7977    0.8315    0.4617   0.03892  0.007526         0
   267/299     7.66G   0.01535  0.004626         0   0.01998        21       416    0.8352     0.797    0.8155    0.4564    0.0387  0.007542         0
   268/299     7.66G   0.01621  0.004812         0   0.02103        21       416     0.857     0.809    0.8421    0.4564   0.03882   0.00756         0
   269/299     7.66G    0.0155  0.004815         0   0.02032        31       416    0.8602    0.8315    0.8492    0.4823   0.03767  0.007376         0
   270/299     7.66G   0.01634  0.004672         0   0.02101        45       416    0.8488    0.8202    0.8457     0.478   0.03864  0.007313         0
   271/299     7.66G   0.01603  0.005699         0   0.02173        67       416    0.9444    0.7639    0.8545    0.4842   0.03754  0.007333         0
   272/299     7.66G   0.01664  0.005197         0   0.02184        56       416    0.9199    0.7753    0.8476    0.4856   0.03732  0.007443         0
   273/299     7.66G   0.01496  0.004691         0   0.01965        28       416    0.9583    0.7752    0.8551    0.4768   0.03803   0.00769         0
   274/299     7.66G    0.0161  0.005161         0   0.02126        36       416     0.923     0.809    0.8536    0.4834   0.03729  0.007678         0
   275/299     7.66G   0.01561  0.004926         0   0.02054        45       416    0.9583    0.7752    0.8587    0.4853   0.03773  0.007462         0
   276/299     7.66G   0.01556  0.004411         0   0.01997        30       416    0.9582    0.7753     0.861    0.4817   0.03773  0.007337         0
   277/299     7.66G   0.01526  0.005074         0   0.02033        43       416    0.9465    0.7978    0.8602    0.4788   0.03846  0.007304         0
   278/299     7.66G   0.01516  0.004482         0   0.01964        30       416    0.9342    0.7978    0.8662    0.4731   0.03841  0.007246         0
   279/299     7.66G   0.01463  0.004786         0   0.01942        61       416    0.9725    0.7978    0.8791     0.477   0.03772  0.007093         0
   280/299     7.66G    0.0155  0.004826         0   0.02032        32       416    0.9722    0.7978    0.8699    0.4796     0.037  0.007117         0
   281/299     7.66G   0.01459   0.00452         0   0.01911        39       416    0.9719    0.7865     0.867    0.4867   0.03723  0.007155         0
   282/299     7.66G   0.01575  0.004294         0   0.02004        34       416    0.9467    0.7977    0.8691    0.4844   0.03796  0.007291         0
   283/299     7.66G    0.0151  0.005035         0   0.02013        39       416    0.9467    0.7977    0.8625    0.4795   0.03731  0.007315         0
   284/299     7.66G   0.01473  0.004182         0   0.01892        22       416    0.9446    0.7753    0.8609    0.4987   0.03716   0.00726         0
   285/299     7.66G   0.01499  0.004385         0   0.01937        46       416    0.9329    0.7865    0.8505    0.4988   0.03736  0.007181         0
   286/299     7.66G   0.01504  0.004692         0   0.01973        32       416    0.9323    0.7753    0.8421    0.4889   0.03736  0.007175         0
   287/299     7.66G   0.01423  0.004943         0   0.01917        27       416    0.9324    0.7751    0.8403    0.4829   0.03742  0.007156         0
   288/299     7.66G    0.0159  0.005363         0   0.02126        40       416    0.9452    0.7753    0.8486    0.4822   0.03749  0.007117         0
   289/299     7.66G   0.01415  0.004205         0   0.01835        48       416    0.9452    0.7747    0.8486    0.4877    0.0371  0.007122         0
   290/299     7.66G   0.01545  0.004633         0   0.02008        40       416    0.9452    0.7752    0.8433     0.488   0.03708  0.007286         0
   291/299     7.66G   0.01555  0.004823         0   0.02037        41       416    0.9452    0.7753     0.847    0.4968   0.03644  0.007218         0
   292/299     7.66G   0.01468  0.004414         0    0.0191        44       416    0.9444     0.764    0.8463    0.4971    0.0373  0.007229         0
   293/299     7.66G   0.01433  0.003962         0   0.01829        27       416    0.9314     0.764    0.8456    0.4921   0.03691   0.00737         0
   294/299     7.66G   0.01365  0.003838         0   0.01749        46       416    0.9188     0.764    0.8402     0.485   0.03752  0.007647         0
   295/299     7.66G   0.01426   0.00465         0   0.01891        47       416    0.9067     0.764    0.8349    0.4787    0.0375  0.007767         0
   296/299     7.66G   0.01486  0.004696         0   0.01956        48       416    0.9067     0.764    0.8324    0.4789   0.03709  0.007729         0
   297/299     7.66G   0.01451   0.00485         0   0.01936        39       416    0.9067     0.764    0.8348    0.4784   0.03719  0.007705         0
   298/299     7.66G   0.01428  0.004586         0   0.01887        46       416    0.9066     0.764    0.8389    0.4836   0.03732  0.007528         0
   299/299     7.66G   0.01525  0.004616         0   0.01987        47       416    0.9067     0.764    0.8416    0.4884   0.03733  0.007496         0
