     0/299     2.23G    0.1001   0.01478         0    0.1149        17       416   0.06518    0.0566   0.02298  0.003977    0.1027   0.01216         0
     1/299     6.42G   0.08813   0.01611         0    0.1042        28       416   0.02576    0.2075   0.01192  0.002336   0.09839  0.008253         0
     2/299     7.86G   0.07406   0.01414         0   0.08819        27       416     0.085    0.1698   0.03712   0.00681   0.08711   0.01303         0
     3/299     7.86G   0.07114   0.01546         0   0.08661        23       416    0.1759    0.2736    0.1096   0.01664   0.09017   0.01685         0
     4/299     7.86G    0.0682   0.01363         0   0.08183        24       416    0.3036    0.1509    0.1314   0.03338   0.08891   0.02298         0
     5/299     7.86G   0.06564   0.01298         0   0.07863        30       416    0.1872    0.4521    0.1472   0.03082   0.08125   0.02725         0
     6/299     7.86G   0.06158   0.01283         0   0.07441        23       416   0.06073    0.3679   0.04498  0.007922   0.09575   0.01888         0
     7/299     7.86G   0.06184   0.01289         0   0.07473        29       416    0.1062    0.3208   0.08954    0.0147   0.08089   0.08356         0
     8/299     7.86G    0.0589   0.01205         0   0.07094        33       416    0.1256    0.2642   0.09126   0.01686   0.08305    0.1749         0
     9/299     7.86G   0.06014   0.01271         0   0.07285        28       416    0.1161    0.4528   0.08864   0.01782   0.08175    0.1387         0
    10/299     7.86G   0.06491   0.01223         0   0.07714        39       416   0.06682    0.2075   0.04391  0.007961   0.08439    0.2647         0
    11/299     7.86G   0.06121   0.01103         0   0.07224        19       416   0.01026     0.434  0.006442  0.001444   0.09478     0.701         0
    12/299     7.86G   0.05879   0.01224         0   0.07103        14       416   0.02457    0.1887   0.01543  0.002529   0.08997     0.868         0
    13/299     7.86G   0.06327   0.01283         0    0.0761        31       416   0.09917    0.4995   0.07501   0.01671   0.08431    0.1429         0
    14/299     7.86G   0.06377   0.01337         0   0.07714        42       416   0.09716    0.4623   0.06566   0.01297   0.07801    0.1029         0
    15/299     7.86G   0.05744   0.01282         0   0.07026        17       416    0.1825    0.4434    0.1575   0.02953   0.06561   0.06017         0
    16/299     7.86G   0.05699   0.01254         0   0.06953        26       416   0.07101    0.2925   0.06086  0.008786   0.07697    0.0424         0
    17/299     7.86G    0.0564   0.01257         0   0.06897        23       416    0.2684    0.3679     0.178   0.04257   0.07256    0.0818         0
    18/299     7.86G   0.05798   0.01254         0   0.07052        23       416    0.1621    0.1509   0.07538   0.01401   0.07457    0.1725         0
    19/299     7.86G   0.05624   0.01152         0   0.06777        20       416    0.2699      0.15    0.1152   0.03008    0.0682   0.06761         0
    20/299     7.86G   0.05819    0.0118         0   0.06999        22       416    0.3038    0.4528    0.2602   0.05749   0.06458   0.06956         0
    21/299     7.86G   0.05939   0.01175         0   0.07113        33       416    0.3277    0.2264    0.1872   0.02886   0.06693    0.1117         0
    22/299     7.86G    0.0588    0.0127         0    0.0715        28       416    0.1896    0.2925     0.107   0.01969   0.07093    0.1327         0
    23/299     7.86G   0.05724   0.01241         0   0.06965        13       416    0.2552    0.4811    0.2371   0.04691   0.06714   0.05161         0
    24/299     7.86G   0.05864   0.01294         0   0.07158        27       416    0.3386    0.5472    0.3069    0.0548   0.06388   0.02169         0
    25/299     7.86G   0.05722   0.01307         0   0.07029        40       416     0.285    0.3774    0.2088     0.047   0.06229   0.07202         0
    26/299     7.86G   0.05485   0.01205         0   0.06689        26       416    0.2691    0.4245    0.2546   0.06271   0.06316    0.0151         0
    27/299     7.86G   0.05682   0.01209         0   0.06891        30       416    0.5187    0.3208    0.3591   0.09326   0.06372   0.02303         0
    28/299     7.86G   0.06042   0.01157         0   0.07199        29       416    0.0174    0.1509  0.007036  0.001608    0.1096   0.07729         0
    29/299     7.86G   0.06287   0.01189         0   0.07476        21       416  0.001862   0.09434 0.0002295 3.655e-05       nan       nan         0
    30/299     7.86G   0.05945     0.013         0   0.07245        28       416   0.01623     0.434    0.0116  0.002666    0.0733    0.2485         0
    31/299     7.86G     0.061   0.01393         0   0.07493        39       416  0.007291    0.3679  0.004597 0.0008325   0.08595    0.6061         0
    32/299     7.86G   0.05947   0.01241         0   0.07188        22       416    0.1175    0.2642   0.05357  0.009428   0.08703   0.06957         0
    33/299     7.86G    0.0588   0.01366         0   0.07246        32       416    0.1035    0.2453   0.04966  0.009674   0.07572   0.06999         0
    34/299     7.86G   0.06154   0.01368         0   0.07522        45       416    0.3745    0.3396    0.2587   0.05968    0.0627   0.06055         0
    35/299     7.86G   0.05512   0.01214         0   0.06726        29       416    0.2777    0.5189    0.2465   0.06213   0.06335   0.04024         0
    36/299     7.86G   0.05607   0.01299         0   0.06906        50       416    0.2065     0.283    0.1135   0.02059   0.06539   0.02428         0
    37/299     7.86G   0.05672   0.01291         0   0.06964        23       416    0.4205    0.5377    0.3207    0.0619   0.06407   0.03662         0
    38/299     7.86G   0.05671   0.01222         0   0.06894        33       416     0.202    0.3583    0.1244   0.03437   0.06739   0.02091         0
    39/299     7.86G   0.05414   0.01142         0   0.06556        34       416     0.251    0.4811    0.2027   0.04783   0.06304   0.02087         0
    40/299     7.86G   0.05773   0.01087         0    0.0686         7       416     0.427    0.4151    0.2533   0.06553    0.0662   0.03161         0
    41/299     7.86G   0.05247   0.01168         0   0.06415        25       416  0.006384    0.1698  0.002156 0.0004247   0.09266   0.08459         0
    42/299     7.86G   0.05535   0.01325         0   0.06861        43       416    0.3302  0.009434  0.005868  0.001103   0.08494   0.05081         0
    43/299     7.86G   0.05484   0.01253         0   0.06737        26       416    0.2345    0.3962    0.1732   0.03927   0.06644    0.0298         0
    44/299     7.86G   0.05428   0.01216         0   0.06643        21       416    0.2532    0.3491    0.1823   0.03228   0.07241   0.07628         0
    45/299     7.86G   0.05364   0.01363         0   0.06727        32       416    0.5785    0.5179    0.4686    0.1257   0.05507   0.01202         0
    46/299     7.86G   0.06039    0.0115         0   0.07188        18       416    0.1749    0.4245    0.1244   0.04715   0.06367   0.01257         0
    47/299     7.86G   0.05811   0.01319         0   0.07131        30       416    0.3353    0.4717    0.2675   0.06168   0.06398   0.02117         0
    48/299     7.86G   0.05665   0.01279         0   0.06944        35       416    0.5252    0.3019    0.3186   0.07512    0.0707   0.02184         0
    49/299     7.86G   0.05733   0.01163         0   0.06896        23       416    0.3234    0.6509      0.28   0.07175   0.06463   0.01821         0
    50/299     7.86G   0.05607    0.0109         0   0.06697        46       416    0.5745     0.434    0.4297   0.09363   0.06313   0.01146         0
    51/299     7.86G   0.06284   0.01168         0   0.07452        25       416    0.3306    0.4623    0.2711   0.08516   0.06547   0.02086         0
    52/299     7.86G   0.05812   0.01212         0   0.07024        43       416    0.4735    0.3868    0.3279    0.1005   0.06072   0.01228         0
    53/299     7.86G   0.05564   0.01244         0   0.06808        29       416    0.2992    0.3113    0.1831   0.04987   0.06784   0.01251         0
    54/299     7.86G   0.05667   0.01228         0   0.06895        32       416    0.2907    0.3868    0.2143   0.04865    0.0676   0.02136         0
    55/299     7.86G   0.05848   0.01135         0   0.06983        22       416    0.4894    0.2547    0.2093   0.05994   0.07201   0.01445         0
    56/299     7.86G   0.05399    0.0133         0    0.0673        39       416    0.3553    0.3491     0.236   0.05627   0.07021   0.01417         0
    57/299     7.86G   0.05487   0.01203         0    0.0669        21       416    0.1927    0.4717    0.1424   0.03507   0.07098   0.01237         0
    58/299     7.86G   0.05375   0.01242         0   0.06617        36       416    0.1071    0.3113   0.08413   0.01617   0.06728   0.03383         0
    59/299     7.86G   0.05486   0.01257         0   0.06743        22       416    0.2247     0.283    0.1068   0.02139   0.06618   0.01937         0
    60/299     7.86G   0.06113    0.0114         0   0.07254        23       416    0.3056    0.2453    0.1435   0.03845   0.08561   0.01506         0
    61/299     7.86G   0.05577   0.01219         0   0.06796        25       416 0.0001132  0.009434 2.995e-06 2.995e-07    0.1518     14.62         0
    62/299     7.86G   0.05611   0.01338         0   0.06949        17       416  0.001184   0.09434 0.0001776 4.684e-05    0.1392     5.506         0
    63/299     7.86G   0.05838   0.01312         0   0.07151        29       416  0.001701    0.0566 0.0003369 5.193e-05    0.1084    0.6894         0
    64/299     7.86G   0.05861   0.01463         0   0.07324        33       416  0.009086    0.3585  0.004233 0.0007717   0.08888    0.1481         0
    65/299     7.86G   0.05457   0.01202         0   0.06659        40       416   0.01056    0.6792  0.008476  0.001783   0.07581   0.09272         0
    66/299     7.86G   0.05732   0.01387         0   0.07119        57       416    0.3583    0.4057    0.3078   0.07357   0.07151   0.01226         0
    67/299     7.86G   0.05303   0.01222         0   0.06524        42       416     0.283    0.3017    0.1845   0.03932   0.07469   0.01107         0
    68/299     7.86G   0.05177   0.01142         0    0.0632        27       416    0.4375    0.4623    0.3081   0.06763   0.06499   0.01318         0
    69/299     7.86G    0.0532   0.01226         0   0.06546        35       416    0.1971    0.5094    0.1359   0.03095   0.06547   0.02789         0
    70/299     7.86G   0.05512   0.01245         0   0.06758        23       416    0.3371    0.5566    0.3086   0.07137   0.06137   0.01324         0
    71/299     7.86G   0.05178   0.01205         0   0.06383        33       416    0.2094    0.4997    0.1423   0.03175   0.07021   0.01197         0
    72/299     7.86G   0.05488   0.01087         0   0.06575        39       416   0.04076   0.08491   0.00781  0.002078   0.09756   0.01332         0
    73/299     7.86G   0.05382   0.01027         0    0.0641        33       416    0.2048    0.1415   0.08173   0.03169   0.08684   0.01653         0
    74/299     7.86G   0.05305   0.01205         0    0.0651        32       416    0.2275    0.4811    0.1778   0.05001   0.05941   0.02503         0
    75/299     7.86G   0.05361   0.01156         0   0.06517        24       416    0.1419    0.4057   0.09894    0.0197   0.06803   0.01766         0
    76/299     7.86G     0.054   0.01311         0   0.06711        35       416    0.4639    0.4434    0.4349    0.1176   0.06465   0.01161         0
    77/299     7.86G   0.05176   0.01203         0   0.06379        21       416    0.2636    0.4057    0.1654   0.03291   0.06945   0.01044         0
    78/299     7.86G   0.05188   0.01136         0   0.06324        39       416    0.7337    0.4434    0.4985    0.1797   0.06052   0.01103         0
    79/299     7.86G   0.05218   0.01321         0    0.0654        37       416    0.7017    0.3113    0.4102    0.1672   0.06042   0.01424         0
    80/299     7.86G   0.05239   0.01178         0   0.06417        44       416    0.6037    0.4057    0.3915     0.128    0.0626   0.01452         0
    81/299     7.86G   0.05318    0.0128         0   0.06599        33       416    0.3659    0.3485    0.2758     0.092   0.07361   0.01124         0
    82/299     7.86G   0.05254   0.01071         0   0.06325        24       416    0.3856    0.3208    0.2094   0.06033   0.08028  0.008695         0
    83/299     7.86G   0.05376    0.0101         0   0.06386        35       416    0.3463    0.5566    0.2791   0.08055   0.06873   0.01002         0
    84/299     7.86G   0.05335   0.01236         0   0.06571        22       416    0.4461    0.2736    0.2277   0.05847   0.07627   0.01018         0
    85/299     7.86G   0.05429   0.01159         0   0.06588        27       416   0.03356   0.07547  0.005788  0.001369   0.09334   0.06105         0
    86/299     7.86G    0.0532   0.01374         0   0.06694        37       416    0.3016   0.09434   0.06459   0.01611   0.08793   0.03685         0
    87/299     7.86G   0.05696   0.01127         0   0.06823        29       416     0.599    0.4528    0.4507    0.1405   0.05983   0.01057         0
    88/299     7.86G   0.06161   0.01248         0   0.07409        33       416    0.4182    0.3868    0.3102   0.08103   0.07339  0.009853         0
    89/299     7.86G   0.06044   0.01235         0   0.07279        37       416    0.4455    0.4245    0.3449   0.08952   0.06839   0.01092         0
    90/299     7.86G   0.05788   0.01143         0    0.0693        32       416    0.4791    0.5466    0.4204   0.08086   0.06268   0.01166         0
    91/299     7.86G   0.05289   0.01087         0   0.06376        25       416    0.1734   0.07521   0.04295  0.009393    0.0928   0.08496         0
    92/299     7.86G   0.05665   0.01283         0   0.06948        54       416    0.1167    0.2358   0.05115    0.0111   0.07701   0.05086         0
    93/299     7.86G   0.05103   0.01166         0    0.0627        23       416    0.5373    0.3944    0.4037    0.1168   0.05665   0.01815         0
    94/299     7.86G   0.05166   0.01213         0   0.06378        38       416    0.3714    0.5472    0.3909    0.1177   0.05597   0.01132         0
    95/299     7.86G   0.05024   0.01188         0   0.06212        31       416    0.4658    0.4151    0.3069    0.0807   0.05962   0.01871         0
    96/299     7.86G   0.05424    0.0135         0   0.06774        38       416   0.01068    0.5189  0.008409  0.001416   0.07242    0.1071         0
    97/299     7.86G   0.05437   0.01194         0   0.06632        46       416    0.5573    0.3208     0.363    0.0963   0.06989   0.01701         0
    98/299     7.86G   0.05399   0.01188         0   0.06587        26       416    0.2763    0.3208    0.1625   0.03996   0.07352   0.01163         0
    99/299     7.86G     0.051   0.01234         0   0.06335        24       416 0.0008938    0.1604 0.0001484 3.826e-05   0.09358    0.8825         0
   100/299     7.86G   0.05072   0.01174         0   0.06246        37       416 5.738e-05  0.009434 7.467e-07  2.24e-07    0.1202     3.151         0
   101/299     7.86G    0.0509   0.01197         0   0.06286        32       416  0.001785    0.2642 0.0005792 0.0001462    0.1007    0.2988         0
   102/299     7.86G   0.05069   0.01142         0    0.0621        37       416   0.01167    0.3302  0.007059  0.002411   0.06592    0.1214         0
   103/299     7.86G   0.05149   0.01179         0   0.06328        41       416   0.05161    0.5377   0.03722   0.01374   0.05911   0.03806         0
   104/299     7.86G    0.0528   0.01145         0   0.06425        31       416    0.3011    0.4717    0.2218   0.05386   0.06273   0.01723         0
   105/299     7.86G   0.05559   0.01213         0   0.06772        45       416    0.4548    0.5352     0.464     0.174   0.05721    0.0114         0
   106/299     7.86G   0.05308    0.0118         0   0.06489        20       416    0.6614    0.4057    0.4744    0.1635   0.05806    0.0111         0
   107/299     7.86G   0.05152   0.01086         0   0.06238        32       416    0.5898    0.5849    0.5302    0.1646   0.05952   0.01046         0
   108/299     7.86G   0.04869   0.01216         0   0.06085        35       416    0.8151    0.5849    0.6342     0.206    0.0586   0.01031         0
   109/299     7.86G   0.05007   0.01117         0   0.06124        40       416     0.562    0.4245    0.3844    0.1109   0.06443   0.01285         0
   110/299     7.86G   0.04947   0.01077         0   0.06024        12       416    0.6377    0.3491    0.3823   0.09889   0.06596   0.01078         0
   111/299     7.86G   0.04862   0.01118         0   0.05981        38       416     0.716     0.547    0.5748    0.2038   0.06025   0.01033         0
   112/299     7.86G   0.04668   0.01025         0   0.05693        27       416    0.7662    0.5565     0.636    0.2456   0.05694  0.009807         0
   113/299     7.86G   0.04732   0.01101         0   0.05833        33       416    0.5219    0.5566    0.4415     0.117   0.05753   0.01022         0
   114/299     7.86G   0.04628   0.01162         0    0.0579        30       416     0.595    0.4713    0.4282    0.1579   0.06246   0.02027         0
   115/299     7.86G   0.04485   0.01116         0   0.05601        31       416    0.3105    0.2252     0.161   0.05005   0.07614   0.04915         0
   116/299     7.86G    0.0464   0.01171         0   0.05811        36       416    0.6663    0.5472    0.5605    0.1661   0.05505   0.01034         0
   117/299     7.86G   0.04651   0.01089         0   0.05741        33       416    0.6181    0.6413     0.641    0.2577   0.05304   0.01024         0
   118/299     7.86G   0.04541   0.01135         0   0.05676        41       416    0.5955    0.6132     0.602    0.2435   0.05182   0.01212         0
   119/299     7.86G   0.04581   0.01041         0   0.05622        28       416    0.6596    0.6226    0.6213    0.2319   0.05307   0.01108         0
   120/299     7.86G   0.04578  0.009878         0   0.05566        30       416     0.755    0.6698     0.681    0.2691   0.05094   0.01019         0
   121/299     7.86G   0.04616   0.01025         0   0.05641        28       416    0.6391    0.5377     0.538    0.1945   0.06014   0.01099         0
   122/299     7.86G   0.04505   0.01036         0   0.05541        26       416    0.7456    0.4717    0.5216    0.2109   0.06161   0.01091         0
   123/299     7.86G   0.04748   0.01034         0   0.05782        22       416    0.7783    0.6981    0.7166    0.2714    0.0543   0.01037         0
   124/299     7.86G   0.04845   0.01096         0   0.05941        44       416    0.3999    0.4528    0.2782   0.07998   0.05983   0.01499         0
   125/299     7.86G    0.0462   0.01192         0   0.05812        27       416    0.4272    0.5559    0.3623   0.08531   0.06206   0.01083         0
   126/299     7.86G   0.04471  0.009861         0   0.05457        32       416    0.8766    0.6038    0.6885    0.2596   0.05308   0.01241         0
   127/299     7.86G   0.04661   0.01113         0   0.05774        37       416    0.6805     0.566    0.5426    0.1783   0.05262    0.0107         0
   128/299     7.86G   0.04557   0.01218         0   0.05775        35       416    0.6976    0.6321    0.6151     0.228   0.05214    0.0113         0
   129/299     7.86G   0.04304  0.009943         0   0.05298        17       416    0.6577    0.5472    0.5127    0.2124   0.05212   0.01246         0
   130/299     7.86G   0.04227  0.009724         0     0.052        21       416    0.6916    0.5755    0.6357    0.2373   0.04957   0.01174         0
   131/299     7.86G   0.04198    0.0103         0   0.05227        40       416    0.6323    0.6975    0.6247     0.207   0.04828   0.01141         0
   132/299     7.86G   0.04443   0.01178         0   0.05621        38       416     0.774    0.6792    0.6946    0.2945    0.0497   0.01065         0
   133/299     7.86G   0.04484   0.01139         0   0.05623        19       416    0.6632    0.6698    0.6668    0.2804   0.04909   0.01056         0
   134/299     7.86G   0.04324   0.01076         0     0.054        43       416    0.6492    0.4906    0.4763     0.206   0.05839   0.01131         0
   135/299     7.86G   0.04258    0.0107         0   0.05328        29       416      0.68    0.4811    0.4733    0.2234   0.05963   0.01087         0
   136/299     7.86G   0.04307   0.01052         0   0.05359        14       416    0.5483    0.6132    0.5232    0.1552   0.05244   0.01296         0
   137/299     7.86G   0.04518   0.01133         0   0.05651        21       416    0.4552    0.5472    0.3828    0.1297   0.05668   0.01418         0
   138/299     7.86G   0.04424   0.01114         0   0.05538        49       416    0.4873    0.3679    0.3559    0.1388   0.05435   0.01263         0
   139/299     7.86G   0.04227   0.01068         0   0.05295        37       416    0.6246     0.566    0.5604    0.2054   0.05396    0.0104         0
   140/299     7.86G   0.04281   0.01067         0   0.05348        23       416   0.06104    0.5943   0.04724   0.01542   0.06075    0.1352         0
   141/299     7.86G   0.04183    0.0103         0   0.05213        29       416   0.09451    0.5377   0.06479   0.02156    0.0594   0.04208         0
   142/299     7.86G   0.04331   0.01041         0   0.05372        39       416    0.6987    0.4623    0.5255     0.188   0.05814   0.01171         0
   143/299     7.86G    0.0418   0.01102         0   0.05282        21       416    0.9032    0.5283     0.669    0.2756   0.05531   0.01064         0
   144/299     7.86G   0.04459   0.01131         0    0.0559        48       416    0.7873    0.5943    0.6628    0.2214   0.05571  0.009831         0
   145/299     7.86G   0.04415   0.01166         0   0.05582        33       416    0.8172     0.717     0.759    0.3212   0.05086  0.009931         0
   146/299     7.86G   0.04377   0.01001         0   0.05379        25       416     0.741    0.6226    0.6709    0.2773   0.05106   0.01235         0
   147/299     7.86G   0.04367   0.01054         0   0.05421        25       416    0.6969     0.434    0.4452    0.1773   0.05974   0.01305         0
   148/299     7.86G   0.04344   0.01117         0   0.05461        32       416     0.566    0.4434    0.4237     0.156   0.06529   0.01122         0
   149/299     7.86G   0.04225   0.01032         0   0.05257        42       416    0.7805    0.6037    0.6675    0.2578    0.0551   0.01048         0
   150/299     7.86G   0.04094   0.01046         0   0.05139        27       416    0.7109    0.6032    0.6408    0.2588   0.05558  0.009704         0
   151/299     7.86G   0.04354  0.008875         0   0.05242        30       416    0.6263    0.5375    0.5085    0.2292   0.06137   0.00957         0
   152/299     7.86G   0.04851    0.0113         0   0.05981        42       416     0.602    0.4995    0.5102    0.2066   0.06009   0.01016         0
   153/299     7.86G   0.04497   0.01079         0   0.05576        26       416    0.6618    0.4431     0.464    0.1681   0.06141   0.01081         0
   154/299     7.86G   0.04297   0.01003         0   0.05301        25       416    0.7528     0.632     0.668    0.2844   0.05039   0.01099         0
   155/299     7.86G   0.04314   0.01059         0   0.05373        25       416     0.647    0.6224    0.6138    0.2669   0.05156   0.01207         0
   156/299     7.86G   0.04324   0.01088         0   0.05412        34       416    0.7148    0.5943    0.6769    0.2776   0.05208   0.01102         0
   157/299     7.86G   0.04542   0.01057         0   0.05599        20       416    0.7291    0.6603    0.6071    0.2331   0.05641   0.01013         0
   158/299     7.86G   0.04361  0.009516         0   0.05312        25       416    0.7096    0.6225     0.655    0.2094   0.05698   0.01032         0
   159/299     7.86G   0.04426   0.01081         0   0.05508        30       416     0.709    0.3491    0.3855     0.135   0.07009   0.01261         0
   160/299     7.86G   0.04421   0.01103         0   0.05524        17       416    0.7346    0.5746    0.5854    0.2168   0.05665   0.01066         0
   161/299     7.86G   0.04418   0.01084         0   0.05502        15       416    0.5808    0.5755     0.506    0.1555   0.05804    0.0103         0
   162/299     7.86G   0.04227   0.01057         0   0.05283        33       416    0.7273    0.6037    0.6162    0.2304   0.05635   0.01235         0
   163/299     7.86G   0.04157    0.0104         0   0.05196        28       416     0.584      0.49    0.4605    0.1855   0.05909   0.01427         0
   164/299     7.86G    0.0389   0.01079         0   0.04969        30       416    0.7628    0.4906    0.5078     0.202   0.05849   0.01152         0
   165/299     7.86G   0.03848  0.009487         0   0.04796        36       416    0.7475    0.7261    0.6971    0.3056   0.05147   0.01024         0
   166/299     7.86G   0.03957   0.01048         0   0.05005        33       416    0.6318    0.5849    0.6063    0.2892   0.05248   0.01089         0
   167/299     7.86G   0.03853  0.009622         0   0.04815        17       416    0.6046    0.6792    0.6426    0.2488    0.0543   0.01063         0
   168/299     7.86G    0.0411  0.009891         0   0.05099        30       416    0.7069    0.5943    0.6139    0.2062   0.05324   0.01235         0
   169/299     7.86G    0.0441  0.009666         0   0.05376        23       416    0.7919    0.5755    0.6238    0.2742   0.05257   0.01121         0
   170/299     7.86G   0.03996  0.009497         0   0.04945        20       416    0.7815     0.641    0.6923    0.3081   0.05097   0.01021         0
   171/299     7.86G   0.04079   0.01106         0   0.05185        32       416    0.7108    0.5566    0.6228    0.2922   0.05502   0.01006         0
   172/299     7.86G   0.04002   0.01069         0   0.05071        20       416    0.7033    0.6038     0.635    0.2724   0.05465    0.0101         0
   173/299     7.86G   0.03999   0.01138         0   0.05137        28       416    0.7579    0.6791    0.7309    0.2991    0.0496  0.009854         0
   174/299     7.86G   0.04196   0.01013         0   0.05209        36       416    0.6735    0.6226    0.5692    0.1886   0.04849   0.01202         0
   175/299     7.86G   0.04093  0.009715         0   0.05064        32       416    0.7472    0.6414    0.6846    0.2891   0.05108    0.0106         0
   176/299     7.86G   0.04126  0.009601         0   0.05086        34       416    0.4096    0.6415    0.4355    0.1525   0.05489  0.009869         0
   177/299     7.86G   0.04273   0.01147         0   0.05419        31       416    0.7884    0.5283    0.6237    0.2133   0.05343   0.01147         0
   178/299     7.86G   0.03854  0.009606         0   0.04814        28       416    0.4821    0.3865     0.351    0.1352   0.05805   0.01331         0
   179/299     7.86G   0.03855   0.00983         0   0.04838        31       416    0.6428    0.5943     0.565    0.2206   0.05329    0.0113         0
   180/299     7.86G    0.0406   0.01013         0   0.05074        36       416    0.7241    0.6509    0.6571    0.2335   0.04943   0.01094         0
   181/299     7.86G   0.04006  0.009988         0   0.05005        30       416    0.7901    0.6415    0.6758    0.2838   0.04932   0.01022         0
   182/299     7.86G   0.03838   0.01091         0   0.04929        37       416    0.7035    0.6321    0.6338    0.2572   0.05236   0.01225         0
   183/299     7.86G   0.04189  0.009474         0   0.05137        18       416    0.7129    0.5189    0.5436    0.1926   0.05547    0.0127         0
   184/299     7.86G   0.04278   0.00978         0   0.05256        37       416    0.7563    0.5562    0.6322    0.2092   0.05491   0.01178         0
   185/299     7.86G   0.04129   0.00966         0   0.05095        21       416    0.6987    0.6415    0.6518    0.2658    0.0518  0.009995         0
   186/299     7.86G   0.04115   0.01127         0   0.05242        57       416    0.6533    0.6887    0.6931    0.2997   0.05144   0.01073         0
   187/299     7.86G   0.03819  0.009479         0   0.04767        26       416    0.8458    0.5189     0.625    0.2625   0.05529   0.01086         0
   188/299     7.86G   0.03975   0.01052         0   0.05028        24       416    0.5242    0.4906    0.4477    0.1832   0.05527   0.01404         0
   189/299     7.86G   0.03845   0.01119         0   0.04964        25       416    0.5137    0.5189    0.3699    0.1387   0.05705    0.0113         0
   190/299     7.86G   0.04027   0.01012         0   0.05039        38       416    0.7106    0.6981    0.7208    0.3178   0.05178  0.009566         0
   191/299     7.86G   0.03738  0.008842         0   0.04622        30       416     0.722    0.6887    0.6648    0.3033   0.05251  0.009477         0
   192/299     7.86G   0.03854   0.00971         0   0.04825        21       416    0.5398    0.6321    0.5053    0.2333   0.05133   0.01185         0
   193/299     7.86G   0.03814   0.01062         0   0.04876        31       416    0.7672     0.717    0.7055    0.3109   0.05187   0.01022         0
   194/299     7.86G   0.03735   0.00975         0    0.0471        32       416    0.7547    0.7264    0.7348    0.3325    0.0491   0.01006         0
   195/299     7.86G   0.03913  0.009757         0   0.04889        34       416    0.7243    0.6691    0.6741    0.2938    0.0501   0.01009         0
   196/299     7.86G   0.03631  0.009336         0   0.04564        24       416    0.6758    0.6887     0.684     0.313   0.04957   0.01074         0
   197/299     7.86G   0.03784   0.01045         0   0.04829        34       416    0.7637    0.6415    0.6921    0.3158   0.05043  0.009784         0
   198/299     7.86G   0.03765  0.009878         0   0.04753        25       416    0.7101     0.717    0.7232     0.324   0.04835  0.009579         0
   199/299     7.86G   0.03711   0.01022         0   0.04733        43       416    0.8274    0.6792     0.733    0.3242   0.04946   0.00962         0
   200/299     7.86G   0.03846  0.009117         0   0.04758        29       416    0.8219    0.5659    0.6065    0.2519   0.05149   0.01059         0
   201/299     7.86G   0.03851   0.01036         0   0.04888        27       416    0.8446    0.6698    0.7407    0.3115   0.04978   0.00965         0
   202/299     7.86G   0.03735   0.01058         0   0.04793        38       416    0.6981    0.6981    0.7074    0.3251   0.04963  0.009564         0
   203/299     7.86G   0.03627   0.01022         0   0.04649        22       416    0.6841    0.6132    0.6283    0.3142   0.05011   0.01058         0
   204/299     7.86G   0.03921      0.01         0   0.04921        45       416    0.6582    0.5472    0.5426     0.219   0.05703   0.01179         0
   205/299     7.86G    0.0399  0.009905         0   0.04981        40       416    0.6906    0.6316    0.6368    0.2804   0.05134    0.0107         0
   206/299     7.86G   0.03552  0.009882         0    0.0454        31       416    0.7241    0.5943    0.6437    0.2574   0.05324   0.01061         0
   207/299     7.86G   0.03634  0.009971         0   0.04632        32       416    0.8072     0.632    0.6959    0.2768   0.05021   0.01045         0
   208/299     7.86G   0.04051  0.009561         0   0.05007        16       416    0.8348    0.6226    0.6636    0.2794   0.05143   0.01101         0
   209/299     7.86G   0.03804  0.008709         0   0.04675        26       416    0.8199    0.6887     0.728    0.2663   0.05064   0.01095         0
   210/299     7.86G     0.039  0.009453         0   0.04845        25       416    0.8165    0.5472    0.6125     0.241   0.05328   0.01223         0
   211/299     7.86G   0.03868   0.01115         0   0.04983        28       416    0.7755    0.7169    0.7237    0.2947   0.05053   0.01008         0
   212/299     7.86G   0.03824  0.009984         0   0.04823        32       416    0.7886    0.6698    0.7268     0.307   0.04941  0.009852         0
   213/299     7.86G   0.03838   0.01062         0     0.049        38       416    0.6969    0.6507    0.6714    0.2898   0.04884   0.01186         0
   214/299     7.86G   0.03823   0.01061         0   0.04884        30       416    0.7204     0.632    0.6368    0.2621   0.04894   0.01121         0
   215/299     7.86G    0.0373  0.009142         0   0.04644        50       416    0.7598    0.7164     0.698    0.2369    0.0497   0.01068         0
   216/299     7.86G   0.03581  0.009144         0   0.04496        23       416    0.7155    0.6887    0.6404    0.2327   0.05119   0.01099         0
   217/299     7.86G   0.03504  0.009556         0   0.04459        40       416    0.7742    0.6791    0.6892    0.2918   0.05151  0.009987         0
   218/299     7.86G   0.03555  0.008526         0   0.04407        28       416     0.284    0.6698    0.2305   0.09489   0.05305   0.07123         0
   219/299     7.86G   0.03672  0.009525         0   0.04625        26       416    0.1682    0.6981    0.1398   0.05718   0.06246    0.4087         0
   220/299     7.86G   0.03551  0.008166         0   0.04367        28       416    0.7373     0.717    0.6781    0.2741   0.04933   0.01056         0
   221/299     7.86G     0.035  0.009323         0   0.04433        26       416    0.7582    0.6509    0.6604    0.2448   0.04845    0.0112         0
   222/299     7.86G   0.03768   0.01039         0   0.04807        25       416    0.8214    0.6509    0.6827    0.3141   0.04772   0.01028         0
   223/299     7.86G   0.03735  0.009629         0   0.04698        29       416    0.7622    0.7642      0.75    0.3371   0.04791  0.009787         0
   224/299     7.86G   0.03408   0.00895         0   0.04303        29       416     0.755    0.6981    0.6935    0.2929   0.05305   0.00991         0
   225/299     7.86G   0.03743  0.009629         0   0.04706        36       416    0.6372     0.613    0.5908    0.2227   0.05426   0.01004         0
   226/299     7.86G   0.03532  0.008789         0   0.04411        17       416   0.03905    0.5943   0.03215   0.01279   0.05231    0.3817         0
   227/299     7.86G   0.03629  0.009365         0   0.04565        46       416   0.02813    0.6038   0.02372  0.009398   0.05279    0.5821         0
   228/299     7.86G   0.03535   0.01008         0   0.04543        22       416   0.05183    0.6132   0.04216   0.01676   0.05157    0.2584         0
   229/299     7.86G   0.03565  0.009808         0   0.04546        45       416    0.7155    0.6415    0.6447     0.308   0.05035    0.0106         0
   230/299     7.86G   0.03592  0.009309         0   0.04523        24       416    0.8144    0.6226    0.6814    0.2962    0.0508   0.01112         0
   231/299     7.86G   0.03596  0.009515         0   0.04547        25       416    0.6999     0.594    0.6131    0.2551   0.05276   0.01197         0
   232/299     7.86G   0.03607  0.009104         0   0.04517        22       416    0.6891    0.4809    0.5309    0.2291   0.05432   0.01211         0
   233/299     7.86G   0.03368  0.008697         0   0.04237        15       416    0.8056    0.7075    0.7324    0.3261   0.05004   0.01026         0
   234/299     7.86G   0.03493  0.008353         0   0.04328        46       416    0.7242    0.7453    0.7281    0.3179   0.05021    0.0108         0
   235/299     7.86G   0.03773  0.009066         0    0.0468        43       416    0.7731    0.7075    0.7275     0.325    0.0482   0.01045         0
   236/299     7.86G    0.0365  0.008604         0   0.04511        38       416    0.8021    0.6509    0.7022     0.268   0.04946    0.0114         0
   237/299     7.86G   0.03546   0.00988         0   0.04534        34       416    0.7835    0.7168    0.7427    0.2823   0.04997   0.01019         0
   238/299     7.86G   0.03693  0.008935         0   0.04586        34       416    0.7595    0.7453    0.7539    0.3067   0.04965  0.009841         0
   239/299     7.86G   0.03516  0.009233         0    0.0444        31       416    0.8715     0.717    0.7778    0.3116   0.04825  0.009737         0
   240/299     7.86G   0.03678  0.008589         0   0.04537        38       416    0.7802    0.6697    0.6682    0.2699   0.05124   0.01009         0
   241/299     7.86G   0.03618  0.008004         0   0.04418        21       416    0.8481     0.632    0.7032    0.3147   0.04952   0.01069         0
   242/299     7.86G   0.03551  0.009765         0   0.04528        28       416    0.7738    0.6792    0.6798    0.3046   0.05041   0.01107         0
   243/299     7.86G   0.03383   0.00852         0   0.04235        23       416    0.7565    0.6792    0.6706    0.2775    0.0526   0.01073         0
   244/299     7.86G   0.03734  0.008231         0   0.04557        40       416    0.7313    0.7447    0.7139    0.2753   0.05178   0.01053         0
   245/299     7.86G   0.03651  0.008826         0   0.04534        27       416     0.755    0.6415    0.6715    0.2798   0.05212   0.01028         0
   246/299     7.86G   0.03751  0.008665         0   0.04617        26       416    0.7524    0.6604    0.7114    0.3009   0.05301  0.009831         0
   247/299     7.86G   0.03415  0.009793         0   0.04394        37       416    0.7109    0.6031    0.6352    0.2919   0.05185   0.01028         0
   248/299     7.86G   0.03666  0.009699         0   0.04636        21       416    0.7677    0.5943    0.6615    0.3135   0.05081   0.01086         0
   249/299     7.86G   0.03557  0.008543         0   0.04411        21       416    0.7272    0.6791    0.7107    0.3109   0.05171   0.01046         0
   250/299     7.86G   0.03272  0.009377         0    0.0421        28       416    0.6548     0.717    0.6808    0.3065   0.05119   0.01038         0
   251/299     7.86G   0.03174  0.008505         0   0.04024        17       416     0.612    0.6696    0.6214    0.2974   0.05158   0.01015         0
   252/299     7.86G   0.03217  0.008911         0   0.04108        44       416    0.8125    0.6981    0.7253    0.3437   0.04652   0.01036         0
   253/299     7.86G   0.03385  0.009712         0   0.04356        29       416    0.8352    0.6695    0.7448     0.318   0.04629    0.0108         0
   254/299     7.86G   0.03265  0.008225         0   0.04088        29       416    0.7273    0.6792    0.7096    0.3326   0.04967  0.009585         0
   255/299     7.86G   0.03284  0.008904         0   0.04174        36       416    0.7541    0.6415    0.6873    0.3072   0.05114    0.0102         0
   256/299     7.86G    0.0352  0.009187         0   0.04439        41       416    0.8276    0.5472    0.6559    0.2908   0.05281   0.01089         0
   257/299     7.86G   0.03282  0.009112         0   0.04193        24       416    0.8065    0.6321    0.6694    0.2843   0.05315   0.01164         0
   258/299     7.86G   0.03313  0.009531         0   0.04267        24       416     0.805    0.5849    0.6807    0.2833    0.0504   0.01171         0
   259/299     7.86G   0.03595  0.009876         0   0.04582        29       416    0.7356    0.6038    0.6285    0.2651    0.0507   0.01176         0
   260/299     7.86G   0.03436   0.01013         0   0.04449        20       416    0.7372    0.6887    0.6762    0.3049   0.04863   0.01076         0
   261/299     7.86G   0.03386  0.008936         0    0.0428        28       416    0.7849    0.6886    0.7284    0.3316   0.04831   0.01058         0
   262/299     7.86G   0.03166  0.009027         0   0.04068        39       416    0.7739    0.6792    0.7137    0.3122   0.04829   0.01131         0
   263/299     7.86G   0.03214  0.009436         0   0.04158        39       416    0.7058    0.6792    0.6766    0.3011   0.04881   0.01135         0
   264/299     7.86G   0.03253  0.008379         0   0.04091        30       416    0.7582    0.6509    0.6795    0.2956   0.05222   0.01083         0
   265/299     7.86G   0.03198  0.008614         0    0.0406        46       416    0.8361    0.6792    0.7144    0.3062    0.0511    0.0107         0
   266/299     7.86G   0.03347  0.008773         0   0.04224        23       416    0.8297    0.7356    0.7559    0.3274   0.04901   0.01088         0
   267/299     7.86G   0.03292  0.008207         0   0.04112        37       416    0.7402    0.7264    0.7505    0.3546   0.04885    0.0107         0
   268/299     7.86G   0.03287  0.009096         0   0.04197        32       416    0.8505    0.6038     0.708    0.3137   0.04871   0.01137         0
   269/299     7.86G   0.03282  0.008209         0   0.04103        24       416    0.7901    0.6037     0.696    0.3048    0.0489   0.01157         0
   270/299     7.86G   0.03145  0.008211         0   0.03966        28       416    0.7118     0.629    0.6292    0.2873   0.05035   0.01241         0
   271/299     7.86G   0.02986  0.009078         0   0.03893        41       416    0.7436    0.6887     0.682    0.3075   0.04862   0.01203         0
   272/299     7.86G   0.03238  0.008479         0   0.04086        48       416    0.8536    0.6599    0.7297     0.342   0.04758   0.01076         0
   273/299     7.86G   0.03053  0.009026         0   0.03955        29       416    0.7765    0.6883    0.7152    0.3307   0.04927   0.01041         0
   274/299     7.86G   0.03109  0.008162         0   0.03925        28       416    0.7732    0.7075    0.7139    0.3376   0.04864   0.01035         0
   275/299     7.86G   0.03042  0.008395         0   0.03882        25       416    0.8171     0.717     0.747     0.343   0.04924  0.009841         0
   276/299     7.86G   0.03068  0.008607         0   0.03929        28       416    0.8152    0.7075    0.7332    0.3547   0.05008  0.009667         0
   277/299     7.86G   0.03044  0.008377         0   0.03882        24       416     0.811    0.6884    0.7066    0.3361   0.04914   0.01059         0
   278/299     7.86G   0.03134  0.008639         0   0.03998        35       416    0.8433    0.6604    0.7326    0.3427   0.04903   0.01074         0
   279/299     7.86G   0.03145  0.008882         0   0.04033        44       416    0.8625    0.6508    0.7497    0.3556   0.04791   0.01027         0
   280/299     7.86G   0.03131  0.008698         0      0.04        38       416    0.7778    0.7264    0.7593    0.3493   0.04874  0.009907         0
   281/299     7.86G   0.03033  0.007702         0   0.03803        37       416    0.7947    0.6208    0.7334    0.3287   0.04987  0.009901         0
   282/299     7.86G   0.03017  0.008128         0    0.0383        27       416    0.8228    0.6131    0.7069    0.3316   0.05037  0.009604         0
   283/299     7.86G   0.03126  0.008635         0   0.03989        42       416    0.8107    0.6887    0.7415    0.3437   0.04876  0.009739         0
   284/299     7.86G   0.03096  0.008182         0   0.03914        22       416    0.7788    0.6321    0.6519    0.3048   0.04835   0.01147         0
   285/299     7.86G   0.02947  0.007529         0     0.037        49       416    0.7875    0.5942    0.6461     0.278   0.04964   0.01307         0
   286/299     7.86G   0.02957  0.007371         0   0.03694        19       416    0.6595     0.676    0.6654    0.3097   0.05008   0.01292         0
   287/299     7.86G   0.02943  0.007594         0   0.03702        13       416    0.7814    0.6132    0.6719    0.3123    0.0502   0.01217         0
   288/299     7.86G   0.02914   0.00916         0    0.0383        40       416    0.7232    0.7642    0.7492    0.3512   0.04791   0.01087         0
   289/299     7.86G   0.02925  0.008552         0    0.0378        42       416    0.8494    0.7451    0.7948    0.3725   0.04616   0.01044         0
   290/299     7.86G   0.02697  0.007179         0   0.03415        22       416    0.8383     0.783    0.7926    0.3586   0.04577   0.01043         0
   291/299     7.86G   0.02873  0.008307         0   0.03704        33       416    0.8635     0.717    0.7754    0.3451   0.04617   0.01054         0
   292/299     7.86G   0.02693  0.007948         0   0.03488        21       416    0.8186    0.7264    0.7458    0.3179     0.048   0.01031         0
   293/299     7.86G   0.03085  0.009116         0   0.03996        25       416    0.8239    0.7075    0.7212    0.3314   0.04924    0.0101         0
   294/299     7.86G   0.02977  0.007789         0   0.03755        37       416     0.813    0.6981    0.7417    0.3294   0.04952   0.01104         0
   295/299     7.86G   0.02749   0.00717         0   0.03466        17       416    0.8139    0.6604    0.6913    0.3251   0.04974   0.01134         0
   296/299     7.86G   0.02937  0.007581         0   0.03695        40       416    0.7603    0.6887    0.7294    0.3226   0.05046   0.01101         0
   297/299     7.86G    0.0292  0.007703         0    0.0369        27       416    0.7938    0.7264    0.7586    0.3527   0.05003   0.01076         0
   298/299     7.86G   0.02756  0.007762         0   0.03532        29       416    0.8152    0.7075    0.7456    0.3389   0.04884   0.01047         0
   299/299     7.86G   0.02831   0.00812         0   0.03643        25       416     0.771    0.7642    0.7662    0.3425   0.04794   0.01056         0
