     0/299     2.11G    0.1114   0.01591         0    0.1273        30       416  0.001859    0.3091 0.0006397   0.00011    0.1016   0.01712         0
     1/299     6.33G    0.1075    0.0152         0    0.1227        32       416  0.002437    0.2545  0.001011 0.0001531   0.09614   0.01526         0
     2/299     7.77G    0.1003   0.01511         0    0.1154        33       416   0.01946  0.009091  0.002008 0.0003486   0.09508   0.01464         0
     3/299     7.77G   0.09697   0.01692         0    0.1139        28       416   0.01451   0.06364  0.005914  0.001045   0.08996   0.01506         0
     4/299     7.77G   0.09044   0.01737         0    0.1078        25       416    0.1183   0.02727   0.02066  0.002808   0.08944   0.01484         0
     5/299     7.77G   0.08457   0.01858         0    0.1031        23       416    0.1937    0.1364   0.07869   0.01779   0.08572   0.01478         0
     6/299     7.77G   0.07839   0.01718         0   0.09556        34       416    0.1577    0.2859    0.1261   0.03136   0.07955   0.01548         0
     7/299     7.77G   0.07527   0.01616         0   0.09142        27       416    0.2666    0.2545     0.143   0.02602   0.07188   0.01567         0
     8/299     7.77G   0.07113   0.01647         0    0.0876        30       416    0.2309    0.3636    0.1865   0.03464   0.06979   0.01407         0
     9/299     7.77G    0.0716   0.01323         0   0.08484        30       416    0.2187     0.224    0.1206   0.02366   0.07918   0.01235         0
    10/299     7.77G   0.07106   0.01472         0   0.08577        32       416    0.4839     0.554    0.4298    0.1255   0.06107   0.01272         0
    11/299     7.77G     0.067   0.01243         0   0.07944        20       416    0.4561    0.5261    0.4337    0.1214   0.06354   0.01193         0
    12/299     7.77G   0.06615   0.01283         0   0.07898        17       416    0.5085    0.5727    0.5219    0.1312   0.06141   0.01185         0
    13/299     7.77G   0.06128   0.01222         0   0.07349        28       416    0.4832    0.5182      0.43   0.09698   0.06526   0.01109         0
    14/299     7.77G   0.06222   0.01352         0   0.07574        24       416    0.7126    0.6545    0.6698    0.2336   0.05807   0.01092         0
    15/299     7.77G   0.07137   0.01087         0   0.08224        29       416    0.3476    0.3909    0.3158   0.08223   0.07659   0.01012         0
    16/299     7.79G   0.07328   0.01144         0   0.08472        48       416    0.4558    0.4727    0.4137   0.09995   0.06956   0.01156         0
    17/299     7.79G   0.06486   0.01373         0   0.07859        29       416    0.8011    0.4909    0.6273    0.2064   0.05766   0.01238         0
    18/299     7.79G   0.06526   0.01176         0   0.07702        38       416    0.6728    0.6543    0.6715    0.2304   0.05814   0.01146         0
    19/299     7.79G   0.06762   0.01169         0   0.07931        43       416    0.5826    0.6726    0.6017    0.2153   0.05754   0.01164         0
    20/299     7.79G   0.05615   0.01089         0   0.06704        19       416    0.6935    0.6636     0.661    0.2725   0.05822   0.01129         0
    21/299     7.79G   0.06411   0.01151         0   0.07562        33       416    0.5785    0.5273    0.5083    0.1346   0.06837    0.0104         0
    22/299     7.79G   0.06705   0.01207         0   0.07912        44       416    0.5075     0.609    0.5508    0.2193   0.05788   0.01143         0
    23/299     7.79G   0.05849   0.01085         0   0.06934        33       416    0.5768    0.6727    0.6271    0.2047   0.06148    0.0101         0
    24/299     7.79G   0.06167   0.01034         0     0.072        20       416    0.6089    0.6085    0.6198    0.2691   0.05745   0.01038         0
    25/299     7.79G   0.06052   0.01141         0   0.07193        40       416    0.6154       0.6    0.5973    0.2287   0.06169   0.01207         0
    26/299     7.79G    0.0586   0.01103         0   0.06963        30       416    0.5741    0.4545     0.486    0.1643   0.06577   0.01131         0
    27/299     7.79G   0.05806   0.01051         0   0.06857        34       416    0.6701    0.6364    0.6242      0.22   0.05588   0.01116         0
    28/299     7.79G   0.06076   0.01086         0   0.07162        24       416    0.6478    0.5727    0.6149    0.2845   0.05384   0.01221         0
    29/299     7.79G   0.05789  0.009726         0   0.06761        28       416    0.7208    0.6364    0.6447    0.2253   0.05536   0.01196         0
    30/299     7.79G   0.05834  0.009607         0   0.06795        19       416    0.6731    0.6182    0.6506    0.2384   0.05595   0.01131         0
    31/299     7.79G   0.05456    0.0109         0   0.06546        34       416    0.8222    0.6727    0.7642     0.307   0.05178    0.0113         0
    32/299     7.79G   0.05348   0.00938         0   0.06286        41       416    0.7451    0.4545    0.5686    0.1784   0.05989   0.01251         0
    33/299     7.79G   0.05366   0.01013         0   0.06378        42       416    0.7171    0.5531    0.6186    0.2085   0.06031   0.01268         0
    34/299     7.79G   0.05664   0.01093         0   0.06757        48       416      0.79    0.5816    0.6032    0.2373   0.05731   0.01024         0
    35/299     7.79G   0.05216   0.01025         0   0.06241        33       416    0.8684    0.6636    0.7717    0.3463   0.04937   0.01093         0
    36/299     7.79G   0.05422  0.009298         0   0.06351        40       416    0.6243    0.5439    0.5618    0.2234   0.05489   0.01119         0
    37/299     7.79G   0.05574  0.009741         0   0.06548        26       416    0.8118    0.7061    0.7363     0.291   0.05351   0.01066         0
    38/299     7.79G   0.05399  0.009648         0   0.06364        38       416    0.7171    0.6455     0.669    0.2629   0.05138    0.0103         0
    39/299     7.79G   0.04978  0.009197         0   0.05898        32       416    0.7299    0.7636    0.7635     0.294   0.05116   0.01036         0
    40/299     7.79G   0.05334  0.009639         0   0.06298        30       416    0.7433    0.7909    0.7624    0.3167   0.04688   0.01067         0
    41/299     7.79G   0.04961  0.008516         0   0.05813        21       416     0.736    0.7364     0.708    0.2803   0.04769   0.01058         0
    42/299     7.79G   0.04839  0.008885         0   0.05727        24       416    0.8614    0.7907    0.8198    0.2868   0.05017   0.01016         0
    43/299     7.79G   0.05227  0.009345         0   0.06161        30       416    0.8783    0.6636    0.7694    0.3003   0.04655   0.01162         0
    44/299     7.79G   0.04807  0.009637         0   0.05771        47       416    0.8076    0.7633    0.8002    0.3784   0.04557   0.01162         0
    45/299     7.79G   0.04402  0.008867         0   0.05289        29       416    0.6207    0.5818    0.5949    0.2098   0.05989   0.01225         0
    46/299     7.79G   0.05523  0.009219         0   0.06444        12       416    0.4837    0.6818    0.4935    0.1496   0.06268   0.01238         0
    47/299     7.79G    0.0548   0.00981         0   0.06461        44       416    0.6722       0.6    0.6122    0.2254   0.05475   0.01084         0
    48/299     7.79G   0.05387  0.009338         0   0.06321        23       416    0.7855       0.7    0.7653    0.3117   0.05331  0.009965         0
    49/299     7.79G   0.05119  0.009437         0   0.06063        38       416    0.7651    0.6818    0.7006    0.2358   0.05719   0.01059         0
    50/299     7.79G   0.05357  0.007276         0   0.06085        47       416    0.6062    0.6998     0.657    0.2779   0.05125   0.01367         0
    51/299     7.79G   0.04811  0.009453         0   0.05757        24       416    0.7863     0.736    0.7734    0.3195   0.05075   0.01014         0
    52/299     7.79G   0.05273  0.008699         0   0.06143        25       416    0.7533    0.6727    0.6888    0.2557   0.05254   0.01077         0
    53/299     7.79G   0.05309  0.008697         0   0.06179        36       416    0.7588    0.7182    0.7583    0.3241   0.05538   0.01016         0
    54/299     7.79G   0.05041  0.008734         0   0.05914        24       416    0.6018    0.5091    0.4775     0.154   0.06157   0.01076         0
    55/299     7.79G   0.04988  0.008611         0   0.05849        30       416    0.8571    0.7088    0.7775    0.3108   0.05017   0.01155         0
    56/299     7.79G    0.0467  0.008776         0   0.05548        27       416    0.8557    0.7545    0.7854     0.329    0.0443   0.01146         0
    57/299     7.79G   0.04646  0.008956         0   0.05542        28       416    0.8095    0.7727    0.8012    0.3507   0.04733   0.01119         0
    58/299     7.79G   0.04646  0.008881         0   0.05534        28       416    0.8556    0.7539    0.8487    0.3692   0.04681  0.009818         0
    59/299     7.79G   0.04883   0.01004         0   0.05888        31       416    0.8333    0.6361     0.696    0.2724   0.05138   0.01209         0
    60/299     7.79G   0.04588  0.009291         0   0.05517        33       416    0.9255    0.7907    0.8657     0.385   0.04511   0.01027         0
    61/299     7.79G   0.04178  0.007693         0   0.04947        18       416    0.8126    0.7909    0.8149    0.3484   0.05054   0.01254         0
    62/299     7.79G   0.04381  0.009601         0   0.05342        35       416    0.9203    0.7455    0.8452    0.3729   0.04618   0.01131         0
    63/299     7.79G   0.04131  0.008966         0   0.05027        32       416    0.8932    0.7636    0.8144    0.3949   0.04533   0.01101         0
    64/299     7.79G     0.043  0.008975         0   0.05197        39       416    0.7766     0.727     0.728    0.3105   0.04971    0.0131         0
    65/299     7.79G   0.04803  0.009288         0   0.05732        40       416    0.8798       0.8    0.8628    0.3694    0.0443    0.0107         0
    66/299     7.79G   0.04284  0.009536         0   0.05238        38       416    0.8912    0.7445    0.8248    0.4118   0.04039   0.01065         0
    67/299     7.79G   0.03839  0.008582         0   0.04697        36       416    0.8453    0.7451    0.8224    0.3841   0.04398   0.01098         0
    68/299     7.79G   0.04248   0.00823         0   0.05071        36       416    0.8849    0.7727    0.8438    0.3761   0.04675   0.01266         0
    69/299     7.79G   0.04226  0.007629         0   0.04989        15       416    0.7499    0.6543    0.7111    0.3144   0.04849   0.01374         0
    70/299     7.79G   0.04013  0.008938         0   0.04907        24       416    0.8116    0.7455    0.7805    0.3455   0.04549   0.01076         0
    71/299     7.79G    0.0397  0.007856         0   0.04755        39       416    0.8951    0.7818    0.8759    0.4048   0.04146   0.01097         0
    72/299     7.79G    0.0415  0.007631         0   0.04913        40       416    0.8732    0.6909    0.8117    0.3584    0.0461   0.01241         0
    73/299     7.79G   0.04023  0.008542         0   0.04877        48       416    0.7802    0.6453    0.7066    0.3211    0.0458    0.0139         0
    74/299     7.79G   0.03988  0.008176         0   0.04805        24       416    0.7927       0.8    0.7955    0.3712   0.04504   0.01026         0
    75/299     7.79G   0.04085  0.007704         0   0.04855        34       416    0.7969    0.5091    0.5672    0.2625   0.05775   0.01641         0
    76/299     7.79G    0.0414  0.007931         0   0.04933        26       416    0.7314    0.7182    0.6836    0.2917   0.04629   0.01072         0
    77/299     7.79G   0.04075  0.008961         0   0.04971        24       416    0.7721    0.6818    0.7154    0.3281   0.04639   0.01086         0
    78/299     7.79G   0.03713  0.009403         0   0.04654        31       416    0.8367    0.7452     0.811    0.4134   0.04379   0.01223         0
    79/299     7.79G    0.0399  0.008638         0   0.04854        40       416    0.7522    0.7455    0.7754    0.3428   0.04597   0.01356         0
    80/299     7.79G   0.04505  0.008507         0   0.05355        31       416    0.7871    0.6727    0.7473    0.3338   0.04997   0.01233         0
    81/299     7.79G   0.04445  0.009194         0   0.05364        42       416    0.8349    0.6455     0.731    0.3694    0.0458   0.01346         0
    82/299     7.79G   0.03507  0.008265         0   0.04333        26       416    0.8915    0.6727    0.7278    0.3336   0.04523   0.01381         0
    83/299     7.79G   0.03865  0.007694         0   0.04634        35       416    0.7786    0.6727    0.7067    0.2924   0.05015     0.014         0
    84/299     7.79G   0.04087  0.008109         0   0.04898        24       416    0.8316    0.7636    0.7987     0.356   0.04502   0.01244         0
    85/299     7.79G   0.03824  0.008007         0   0.04625        30       416    0.9067       0.8    0.8869    0.4533   0.04011   0.01153         0
    86/299     7.79G   0.03546  0.009103         0   0.04457        37       416    0.8217    0.7543    0.8037    0.3529   0.04572   0.01149         0
    87/299     7.79G   0.04146  0.008179         0   0.04964        35       416    0.8111    0.6636    0.6936    0.3045   0.04961   0.01301         0
    88/299     7.79G   0.04099  0.008428         0   0.04942        29       416    0.9156    0.6909    0.7869    0.3636   0.04455    0.0138         0
    89/299     7.79G   0.03814  0.008722         0   0.04686        45       416    0.8641    0.6361    0.7657    0.3724   0.04499   0.01421         0
    90/299     7.79G   0.03667  0.007719         0   0.04439        33       416     0.831    0.6273    0.7144    0.3276   0.04589   0.01251         0
    91/299     7.79G   0.03786  0.008351         0   0.04621        34       416    0.8485    0.7182    0.8172    0.3495   0.04389   0.01196         0
    92/299     7.79G   0.03933  0.007838         0   0.04717        46       416    0.7869    0.7722     0.786    0.3065   0.04559   0.01256         0
    93/299     7.79G   0.03622  0.007865         0   0.04408        30       416    0.8111    0.6636    0.7183    0.3081   0.04432   0.01235         0
    94/299     7.79G   0.03426  0.008336         0    0.0426        32       416    0.9036    0.6818     0.786    0.3243   0.04612   0.01171         0
    95/299     7.79G   0.03999   0.00859         0   0.04858        48       416    0.8583    0.7727    0.8123    0.3998    0.0423   0.01182         0
    96/299     7.79G   0.03683  0.008057         0   0.04489        25       416    0.8468    0.7545    0.8021    0.3698   0.04235   0.01312         0
    97/299     7.79G   0.03218  0.008767         0   0.04095        37       416    0.8923    0.7545     0.822    0.3742   0.04026   0.01263         0
    98/299     7.79G   0.03517  0.007159         0   0.04233        27       416      0.82    0.6273    0.7175    0.3695   0.04542   0.01309         0
    99/299     7.79G   0.03462  0.009084         0   0.04371        36       416    0.7431    0.7364    0.7602    0.3466   0.04189   0.01274         0
   100/299     7.79G   0.03432  0.007841         0   0.04216        31       416    0.7998    0.6909     0.762    0.3641   0.04018   0.01364         0
   101/299     7.79G   0.03404  0.009111         0   0.04316        41       416    0.8094    0.7727    0.8153    0.3909   0.03877   0.01255         0
   102/299     7.79G   0.03321  0.008041         0   0.04125        34       416    0.8266    0.7818    0.8413    0.3928   0.04117   0.01195         0
   103/299     7.79G   0.03821  0.007766         0   0.04597        32       416    0.8483    0.7636    0.8064     0.398   0.04112   0.01474         0
   104/299     7.79G   0.03565  0.008862         0   0.04452        35       416    0.7954    0.6363    0.6753    0.3229   0.05082   0.01644         0
   105/299     7.79G    0.0334  0.007938         0   0.04134        41       416    0.8415    0.6272    0.6769    0.3166   0.05029   0.01669         0
   106/299     7.79G   0.03414  0.006842         0   0.04098        26       416    0.9496    0.6909     0.819    0.3904   0.04569   0.01382         0
   107/299     7.79G   0.03552  0.008212         0   0.04374        36       416    0.8972    0.7182     0.793    0.3963   0.04393   0.01401         0
   108/299     7.79G   0.03571  0.007302         0   0.04301        25       416    0.8709    0.7362    0.8077    0.3726   0.04611   0.01376         0
   109/299     7.79G   0.03304  0.008882         0   0.04192        42       416    0.9047    0.6909    0.7891     0.367   0.04553   0.01514         0
   110/299     7.79G   0.03281  0.007916         0   0.04073        33       416    0.8317    0.7635    0.8559    0.4113   0.04005   0.01315         0
   111/299     7.79G   0.03385  0.007624         0   0.04148        38       416     0.857    0.7636    0.8476    0.4161   0.04078   0.01267         0
   112/299     7.79G   0.03207  0.007314         0   0.03938        64       416    0.8164    0.8091    0.8386    0.3975   0.03937   0.01333         0
   113/299     7.79G   0.03025  0.007134         0   0.03738        39       416    0.9118    0.7545    0.8306    0.4033   0.04074   0.01423         0
   114/299     7.79G   0.02992  0.007648         0   0.03757        25       416      0.87    0.7909    0.8441     0.406   0.04226    0.0129         0
   115/299     7.79G   0.03007  0.006314         0   0.03638        22       416    0.8947    0.7726    0.8484    0.4283   0.04241   0.01378         0
   116/299     7.79G   0.02926  0.007037         0   0.03629        48       416    0.9195    0.7272    0.8137    0.3828   0.04518   0.01517         0
   117/299     7.79G   0.03049  0.007355         0   0.03785        38       416    0.7609    0.7545    0.7616    0.3702   0.04812   0.01606         0
   118/299     7.79G   0.02936   0.00755         0   0.03691        34       416    0.8889    0.7272     0.806    0.3893   0.04048   0.01455         0
   119/299     7.79G   0.03014  0.007006         0   0.03715        29       416    0.8538    0.7455    0.8114    0.3851   0.04136   0.01502         0
   120/299     7.79G   0.02918  0.006847         0   0.03603        27       416    0.9204    0.7364    0.8311    0.4089   0.04034   0.01472         0
   121/299     7.79G   0.02942  0.006976         0    0.0364        35       416    0.8469    0.7542    0.7944    0.3872   0.04426   0.01524         0
   122/299     7.79G   0.03161  0.006565         0   0.03818        23       416    0.8252    0.7726     0.784    0.4071   0.03926   0.01255         0
   123/299     7.79G   0.03172  0.006674         0   0.03839        28       416      0.86    0.7258     0.771    0.3489   0.04242   0.01288         0
   124/299     7.79G   0.03653  0.007612         0   0.04414        35       416    0.9239    0.7727    0.8368    0.4091    0.0409   0.01157         0
   125/299     7.79G   0.03151  0.007516         0   0.03902        22       416    0.8977    0.7177    0.7741    0.3592   0.03992   0.01085         0
   126/299     7.79G   0.02872  0.006953         0   0.03568        42       416    0.8461    0.7999    0.8224    0.4361   0.03911   0.01277         0
   127/299     7.79G   0.02835  0.006673         0   0.03502        39       416    0.8791    0.7273    0.8028    0.4091   0.04455   0.01625         0
   128/299     7.79G   0.02763  0.006822         0   0.03446        40       416    0.8038     0.745    0.7545    0.3857   0.04849   0.01654         0
   129/299     7.79G   0.03021  0.006313         0   0.03652        21       416    0.7957    0.6727    0.7422    0.3334   0.04807   0.01554         0
   130/299     7.79G   0.02902  0.007256         0   0.03627        25       416       0.9    0.7364    0.7983     0.401   0.04478   0.01453         0
   131/299     7.79G   0.02979  0.006936         0   0.03673        32       416    0.8865    0.7818    0.8234    0.4299   0.04179   0.01411         0
   132/299     7.79G   0.03208  0.007104         0   0.03919        29       416      0.85    0.7726    0.8215     0.435   0.04124   0.01504         0
   133/299     7.79G    0.0288  0.006623         0   0.03542        23       416     0.938    0.6909    0.8164    0.4282   0.04154   0.01409         0
   134/299     7.79G    0.0277  0.007025         0   0.03473        43       416    0.8749    0.7636    0.7967    0.4266   0.04294   0.01393         0
   135/299     7.79G   0.02816  0.006614         0   0.03478        36       416    0.8317    0.7635    0.7785    0.3928   0.04336   0.01474         0
   136/299     7.79G   0.02644  0.006069         0   0.03251        21       416    0.8494    0.7182    0.7537    0.3878   0.04424   0.01519         0
   137/299     7.79G   0.02792  0.006343         0   0.03426        25       416    0.8181    0.7364     0.789    0.3842   0.04047   0.01503         0
   138/299     7.79G   0.02855  0.007198         0   0.03574        48       416    0.7963    0.7817    0.8297    0.4252   0.03975   0.01293         0
   139/299     7.79G   0.03092  0.006804         0   0.03772        19       416    0.8299       0.8    0.8392    0.4295   0.03912   0.01298         0
   140/299     7.79G   0.03142  0.007013         0   0.03844        26       416     0.862    0.6814    0.8055    0.4009   0.04192   0.01407         0
   141/299     7.79G   0.03224  0.007284         0   0.03953        32       416    0.7804    0.7818    0.7978    0.4052   0.04235   0.01333         0
   142/299     7.79G   0.02809  0.006508         0    0.0346        25       416    0.8902    0.6634    0.7812    0.3784   0.04179   0.01331         0
   143/299     7.79G   0.02818  0.006732         0   0.03491        23       416    0.8586    0.7174    0.7931    0.3694    0.0421   0.01325         0
   144/299     7.79G   0.02761  0.007569         0   0.03518        38       416    0.8897    0.7364    0.7998    0.3919    0.0416   0.01328         0
   145/299     7.79G   0.02598  0.006265         0   0.03225        20       416    0.8973    0.6364    0.7501    0.3558   0.04789   0.01471         0
   146/299     7.79G   0.02631   0.00657         0   0.03288        22       416    0.8171    0.6909    0.7301    0.3521   0.04751   0.01607         0
   147/299     7.79G   0.02618  0.006594         0   0.03277        21       416    0.8719    0.6818    0.7405    0.3709   0.04256   0.01633         0
   148/299     7.79G   0.02547   0.00687         0   0.03234        38       416    0.8249    0.5998    0.6615    0.3046   0.05018   0.01644         0
   149/299     7.79G   0.02526   0.00691         0   0.03217        33       416    0.8249    0.7727    0.7987    0.3829   0.03997   0.01196         0
   150/299     7.79G   0.02628  0.005964         0   0.03225        29       416    0.8571    0.7636    0.8439    0.4211   0.03995    0.0122         0
   151/299     7.79G   0.02908  0.006061         0   0.03514        33       416    0.8543    0.7996    0.8476    0.4029   0.03963   0.01299         0
   152/299     7.79G   0.02667  0.006977         0   0.03364        27       416    0.8698    0.7909      0.83    0.4116   0.03927   0.01335         0
   153/299     7.79G   0.02665   0.00646         0   0.03311        37       416     0.854       0.8    0.8387    0.4143   0.03934   0.01246         0
   154/299     7.79G     0.027  0.006191         0   0.03319        22       416    0.8941    0.8455    0.8854    0.4661   0.03648   0.01157         0
   155/299     7.79G    0.0281  0.006801         0    0.0349        23       416     0.875    0.8272    0.8703    0.4484   0.03632   0.01253         0
   156/299     7.79G   0.02827  0.006337         0   0.03461        39       416    0.8544    0.7999    0.8372    0.4162   0.03857    0.0146         0
   157/299     7.79G    0.0259  0.006533         0   0.03243        35       416    0.8556    0.8091    0.8334    0.4152   0.03859   0.01417         0
   158/299     7.79G   0.02565  0.006586         0   0.03223        37       416    0.9185    0.7177    0.8322    0.3952   0.03781   0.01485         0
   159/299     7.79G   0.02633  0.006288         0   0.03262        41       416    0.8673    0.7726    0.8258    0.4174   0.03833   0.01351         0
   160/299     7.79G   0.02489  0.006257         0   0.03114        27       416    0.8613    0.7909    0.8308    0.4211   0.03922   0.01279         0
   161/299     7.79G   0.02619  0.006166         0   0.03235        14       416    0.8842    0.7636    0.8266    0.4286   0.03887   0.01304         0
   162/299     7.79G   0.02352  0.006294         0   0.02982        43       416     0.811    0.7818    0.8306     0.427   0.03764   0.01301         0
   163/299     7.79G   0.02256  0.005698         0   0.02826        31       416    0.8173    0.7727    0.8143    0.4165   0.03911   0.01258         0
   164/299     7.79G   0.02248  0.005748         0   0.02823        27       416    0.8366    0.7455    0.8215    0.4003   0.03898   0.01402         0
   165/299     7.79G   0.02476  0.006124         0   0.03088        32       416    0.8207    0.7907    0.8176     0.422    0.0379   0.01321         0
   166/299     7.79G   0.02249  0.005222         0   0.02771        33       416    0.7837    0.7905    0.7893    0.4084   0.03856    0.0134         0
   167/299     7.79G   0.02703  0.005969         0     0.033        23       416     0.843    0.7818    0.8153    0.4097   0.03902   0.01362         0
   168/299     7.79G   0.02506  0.005562         0   0.03062        32       416    0.8775    0.7816    0.8517    0.4543   0.03631   0.01356         0
   169/299     7.79G   0.02388  0.005439         0   0.02931        37       416    0.8775    0.7815    0.8628    0.4575   0.03554   0.01156         0
   170/299     7.79G   0.02432  0.005574         0    0.0299        29       416    0.8699    0.7909    0.8494    0.4401   0.03719   0.01273         0
   171/299     7.79G   0.02721  0.006247         0   0.03346        26       416    0.8107    0.8176    0.8378    0.4446   0.03906    0.0153         0
   172/299     7.79G   0.02337  0.006106         0   0.02947        40       416    0.7692    0.8181    0.8077    0.4261   0.03999   0.01415         0
   173/299     7.79G   0.02452  0.006501         0   0.03102        43       416    0.8698    0.7909    0.8212    0.4495   0.03838   0.01268         0
   174/299     7.79G   0.02182  0.005435         0   0.02725        26       416    0.8195    0.8273    0.8579    0.4532   0.03571   0.01217         0
   175/299     7.79G   0.02413  0.005706         0   0.02983        33       416    0.8411    0.8182    0.8787    0.4568   0.03655   0.01188         0
   176/299     7.79G    0.0219  0.005422         0   0.02732        27       416    0.7997    0.8364    0.8714    0.4423   0.03842   0.01214         0
   177/299     7.79G   0.02178  0.006251         0   0.02803        32       416    0.7855    0.7455    0.7961    0.4002   0.04423   0.01571         0
   178/299     7.79G   0.02094  0.005534         0   0.02648        27       416    0.8182    0.7364    0.7814    0.4069   0.04278   0.01605         0
   179/299     7.79G   0.02625  0.006251         0    0.0325        35       416    0.8525    0.7364    0.8018    0.4179   0.04171   0.01516         0
   180/299     7.79G   0.02549  0.006724         0   0.03221        53       416    0.8068    0.8352    0.8274    0.4495   0.03629    0.0131         0
   181/299     7.79G   0.02257  0.005664         0   0.02823        39       416    0.8639    0.8091    0.8366    0.4457   0.03675   0.01317         0
   182/299     7.79G   0.02303  0.005951         0   0.02898        36       416    0.8854    0.7726    0.8259    0.4407   0.03626   0.01245         0
   183/299     7.79G   0.02268  0.005841         0   0.02852        29       416     0.844    0.8364    0.8503    0.4564   0.03467    0.0126         0
   184/299     7.79G    0.0213  0.005307         0   0.02661        25       416    0.8738    0.8182    0.8629    0.4721    0.0344   0.01322         0
   185/299     7.79G   0.02291  0.005729         0   0.02864        34       416    0.8288    0.8361    0.8497    0.4621   0.03508   0.01348         0
   186/299     7.79G   0.02328   0.00547         0   0.02875        37       416    0.8431    0.7815    0.8022    0.4188   0.03795   0.01513         0
   187/299     7.79G   0.02311  0.005986         0   0.02909        29       416    0.8544       0.8    0.8144    0.4306   0.03653   0.01367         0
   188/299     7.79G   0.02335  0.006094         0   0.02945        37       416    0.8518    0.8363    0.8509    0.4608   0.03626   0.01299         0
   189/299     7.79G   0.02118  0.005371         0   0.02655        23       416    0.8786    0.7909    0.8541    0.4717   0.03649   0.01307         0
   190/299     7.79G   0.02162  0.004962         0   0.02658        31       416     0.841    0.8182    0.8602    0.4609   0.03719   0.01239         0
   191/299     7.79G   0.02353  0.005727         0   0.02926        49       416    0.8224       0.8    0.8373     0.457   0.03657   0.01256         0
   192/299     7.79G   0.02205  0.005723         0   0.02777        44       416    0.8431    0.7817    0.8344    0.4425   0.03702   0.01311         0
   193/299     7.79G   0.02223  0.005546         0   0.02777        23       416    0.8505    0.8272    0.8586    0.4592   0.03591   0.01257         0
   194/299     7.79G   0.02198  0.005476         0   0.02746        25       416    0.8365       0.8    0.8549    0.4726   0.03562   0.01242         0
   195/299     7.79G    0.0254  0.006214         0   0.03162        33       416    0.9137    0.7727    0.8629    0.4657   0.03625   0.01259         0
   196/299     7.79G   0.02345  0.004964         0   0.02842        21       416    0.8666     0.827    0.8689    0.4492   0.03814   0.01471         0
   197/299     7.79G   0.02139  0.005482         0   0.02687        27       416    0.8544    0.7999    0.8333    0.4407   0.03876   0.01478         0
   198/299     7.79G   0.02132    0.0052         0   0.02652        20       416    0.8602    0.7273    0.7817    0.4094   0.04063   0.01704         0
   199/299     7.79G   0.02148  0.005292         0   0.02677        40       416    0.8508    0.7273    0.7462    0.4053   0.04084   0.01575         0
   200/299     7.79G   0.02364  0.005617         0   0.02926        20       416    0.8976    0.7273    0.7829    0.4059   0.04231    0.0168         0
   201/299     7.79G   0.02123  0.005433         0   0.02667        31       416    0.8736    0.8182    0.8734    0.4705   0.03494   0.01341         0
   202/299     7.79G   0.01977  0.004712         0   0.02448        33       416    0.8844    0.8364    0.8947    0.4731   0.03561   0.01162         0
   203/299     7.79G   0.02044  0.005405         0   0.02585        35       416    0.8203    0.8727    0.8802    0.4703   0.03497   0.01158         0
   204/299     7.79G   0.02109   0.00547         0   0.02656        34       416    0.8585    0.8271    0.8527    0.4375   0.03669   0.01174         0
   205/299     7.79G   0.02206  0.005626         0   0.02768        32       416    0.8485    0.7727    0.8121    0.4384   0.03704   0.01331         0
   206/299     7.79G   0.02134   0.00509         0   0.02643        30       416    0.8084    0.7727    0.8093    0.4368   0.03727   0.01565         0
   207/299     7.79G   0.02024  0.005576         0   0.02582        35       416    0.8485    0.7636    0.8022      0.43   0.03881   0.01592         0
   208/299     7.79G   0.02038  0.005188         0   0.02557        34       416    0.8569    0.7636    0.7863    0.4271   0.03836   0.01634         0
   209/299     7.79G   0.02175  0.005602         0   0.02735        22       416    0.8911    0.8182    0.8514     0.445   0.03687   0.01415         0
   210/299     7.79G   0.01961  0.005119         0   0.02473        34       416    0.8788    0.7909    0.8536    0.4746   0.03528    0.0133         0
   211/299     7.79G   0.02185  0.005224         0   0.02708        27       416    0.9072    0.7999    0.8522    0.4734   0.03615   0.01301         0
   212/299     7.79G   0.02125  0.005273         0   0.02652        29       416    0.8554    0.8091     0.847    0.4729    0.0356   0.01369         0
   213/299     7.79G   0.01891  0.005153         0   0.02407        31       416    0.9121    0.7545    0.8436    0.4784   0.03525   0.01422         0
   214/299     7.79G   0.01912  0.005313         0   0.02443        24       416    0.9213    0.7455    0.8439    0.4552   0.03692   0.01513         0
   215/299     7.79G    0.0213  0.005327         0   0.02663        36       416    0.9318    0.7454    0.8432    0.4603   0.03705   0.01509         0
   216/299     7.79G   0.02146  0.005118         0   0.02658        31       416    0.8379    0.7991    0.8401    0.4606   0.03673   0.01418         0
   217/299     7.79G   0.02114  0.004982         0   0.02612        32       416     0.819    0.8273    0.8357    0.4574   0.03637    0.0134         0
   218/299     7.79G   0.01887  0.005187         0   0.02406        22       416    0.8288     0.836    0.8219    0.4498   0.03668   0.01435         0
   219/299     7.79G   0.01737  0.004668         0   0.02204        18       416    0.8362    0.8364     0.822    0.4439    0.0365   0.01388         0
   220/299     7.79G   0.01977  0.004458         0   0.02423        21       416     0.824    0.8545    0.8489    0.4359   0.03623   0.01423         0
   221/299     7.79G   0.01884  0.004729         0   0.02356        25       416    0.9081    0.8091    0.8623    0.4444   0.03603   0.01348         0
   222/299     7.79G   0.01885  0.005381         0   0.02423        28       416     0.875    0.8273    0.8718    0.4656   0.03578   0.01325         0
   223/299     7.79G   0.01866  0.004585         0   0.02325        30       416    0.8952    0.8544    0.8885    0.4752   0.03554   0.01234         0
   224/299     7.79G   0.01849  0.005151         0   0.02364        35       416     0.876    0.8364    0.8697    0.4797   0.03574    0.0131         0
   225/299     7.79G    0.0186  0.005288         0   0.02389        24       416     0.859    0.8364     0.854    0.4585   0.03678   0.01532         0
   226/299     7.79G   0.01776  0.004192         0   0.02195        21       416    0.8316    0.8545    0.8705    0.4665   0.03546   0.01453         0
   227/299     7.79G   0.02131  0.005667         0   0.02698        47       416    0.8853    0.8455    0.8725    0.4814   0.03438   0.01432         0
   228/299     7.79G   0.01859  0.004916         0   0.02351        26       416    0.8771    0.8455    0.8843     0.493   0.03475   0.01559         0
   229/299     7.79G    0.0167   0.00519         0   0.02189        32       416    0.9355    0.7908    0.8741    0.4939   0.03355   0.01418         0
   230/299     7.79G   0.01802  0.004529         0   0.02255        31       416    0.8622    0.8545    0.8518    0.4726    0.0335   0.01447         0
   231/299     7.79G   0.01909  0.005388         0   0.02448        29       416     0.901    0.8272    0.8453     0.468   0.03489   0.01503         0
   232/299     7.79G   0.01888  0.005243         0   0.02413        37       416    0.8878    0.7909    0.8378    0.4507    0.0372     0.017         0
   233/299     7.79G   0.01755  0.004659         0   0.02221        32       416    0.8713       0.8    0.8337    0.4503   0.03715   0.01626         0
   234/299     7.79G   0.01809  0.004704         0   0.02279        36       416    0.8922    0.8272    0.8583    0.4702   0.03606    0.0148         0
   235/299     7.79G   0.01675  0.005243         0   0.02199        52       416    0.8844    0.8364    0.8543    0.4801   0.03466   0.01374         0
   236/299     7.79G    0.0174  0.004094         0    0.0215        31       416    0.8792    0.8636    0.8744    0.4957    0.0329    0.0127         0
   237/299     7.79G    0.0191  0.005341         0   0.02444        24       416    0.8911    0.8182    0.8398    0.4875   0.03336   0.01256         0
   238/299     7.79G   0.01776  0.004631         0   0.02239        27       416    0.8921    0.8273    0.8479    0.4971   0.03364     0.013         0
   239/299     7.79G   0.01651  0.004663         0   0.02117        29       416    0.9091    0.8181    0.8691    0.5078   0.03313   0.01374         0
   240/299     7.79G   0.01736  0.004905         0   0.02227        24       416    0.8988    0.8091    0.8543    0.4938   0.03428   0.01483         0
   241/299     7.79G   0.01769  0.004235         0   0.02193        37       416     0.927    0.8091    0.8766    0.5014   0.03453   0.01437         0
   242/299     7.79G   0.01902  0.005397         0   0.02441        38       416    0.8714    0.8636    0.8839    0.4944   0.03331   0.01334         0
   243/299     7.79G   0.01776   0.00508         0   0.02284        35       416    0.8942    0.8455    0.8673    0.4636   0.03417   0.01319         0
   244/299     7.79G   0.01772  0.004757         0   0.02248        24       416    0.8932    0.8363    0.8696    0.4709   0.03404   0.01357         0
   245/299     7.79G   0.01787  0.005187         0   0.02306        28       416    0.8679    0.8363    0.8525    0.4689   0.03402   0.01368         0
   246/299     7.79G   0.01577   0.00446         0   0.02023        23       416     0.875    0.8273    0.8478    0.4704    0.0341   0.01355         0
   247/299     7.79G   0.01656  0.004638         0    0.0212        48       416    0.8857    0.8454    0.8642    0.4683   0.03431   0.01362         0
   248/299     7.79G   0.01722  0.004795         0   0.02202        26       416    0.8773    0.8453    0.8674    0.4669   0.03495   0.01379         0
   249/299     7.79G   0.01736  0.004589         0   0.02195        25       416    0.8962    0.8636    0.8803    0.4621   0.03585   0.01471         0
   250/299     7.79G   0.01697  0.004577         0   0.02154        26       416    0.8846    0.8363    0.8565    0.4687    0.0354   0.01479         0
   251/299     7.79G   0.01753  0.004271         0    0.0218        20       416    0.8663    0.8273    0.8362    0.4667   0.03584   0.01525         0
   252/299     7.79G   0.01647  0.004639         0   0.02111        30       416    0.8745    0.8273    0.8454    0.4671    0.0367   0.01611         0
   253/299     7.79G   0.01728  0.004789         0   0.02207        37       416      0.89     0.809    0.8222    0.4504   0.03799   0.01673         0
   254/299     7.79G   0.01659   0.00431         0    0.0209        36       416    0.8762    0.7727     0.824    0.4438   0.03743   0.01655         0
   255/299     7.79G   0.01763  0.005009         0   0.02264        58       416    0.8842    0.7636    0.8487    0.4563   0.03672   0.01736         0
   256/299     7.79G   0.01662  0.004719         0   0.02134        39       416    0.8281    0.8455    0.8661    0.4647    0.0367    0.0173         0
   257/299     7.79G     0.017  0.005285         0   0.02229        26       416     0.864    0.8087    0.8662     0.465   0.03613   0.01589         0
   258/299     7.79G   0.01644  0.005063         0    0.0215        34       416    0.8921    0.8273    0.8778    0.4614   0.03578   0.01361         0
   259/299     7.79G   0.01715  0.004842         0   0.02199        36       416    0.9028    0.8455    0.8931    0.4724   0.03451   0.01285         0
   260/299     7.79G   0.01616  0.004651         0   0.02081        31       416    0.8416    0.9181    0.9055    0.4718   0.03419   0.01275         0
   261/299     7.79G   0.01524  0.004511         0   0.01975        28       416    0.8726    0.8727    0.8926    0.4736   0.03464   0.01346         0
   262/299     7.79G    0.0158  0.004257         0   0.02006        27       416    0.8942    0.8451    0.8652    0.4632   0.03564   0.01424         0
   263/299     7.79G   0.01593  0.004131         0   0.02007        22       416    0.8932    0.8363    0.8501    0.4545    0.0369   0.01498         0
   264/299     7.79G   0.01578  0.005048         0   0.02083        32       416    0.8653    0.8182    0.8072    0.4424   0.03826   0.01574         0
   265/299     7.79G   0.01674  0.004852         0    0.0216        35       416    0.8857    0.8452    0.8552    0.4741   0.03578   0.01477         0
   266/299     7.79G   0.01498   0.00414         0   0.01912        16       416    0.8649    0.8182    0.8472    0.4727   0.03496   0.01431         0
   267/299     7.79G   0.01512   0.00446         0   0.01958        35       416     0.901    0.8272    0.8723    0.4781   0.03479   0.01445         0
   268/299     7.79G   0.01588  0.004315         0   0.02019        20       416    0.8932    0.8363    0.8707    0.4748   0.03471   0.01468         0
   269/299     7.79G   0.01641   0.00478         0   0.02119        26       416     0.875    0.8271    0.8652    0.4721   0.03475   0.01486         0
   270/299     7.79G   0.01589  0.004106         0      0.02        45       416    0.8691    0.8451    0.8632    0.4782   0.03507   0.01494         0
   271/299     7.79G   0.01531   0.00474         0   0.02005        44       416    0.9175     0.809    0.8732    0.4759    0.0352   0.01469         0
   272/299     7.79G   0.01521  0.004109         0   0.01932        37       416    0.8794    0.8636    0.8807    0.4742   0.03539   0.01488         0
   273/299     7.79G   0.01609  0.004716         0   0.02081        20       416    0.8389    0.8545    0.8631    0.4649   0.03504   0.01492         0
   274/299     7.79G   0.01531  0.004535         0   0.01984        32       416    0.8749    0.8273    0.8642    0.4716   0.03485   0.01463         0
   275/299     7.79G   0.01519  0.004185         0   0.01938        31       416    0.8866    0.8545    0.8902     0.477   0.03452   0.01421         0
   276/299     7.79G   0.01484   0.00417         0   0.01901        33       416    0.8807    0.8727    0.8895    0.4789    0.0348   0.01447         0
   277/299     7.79G    0.0149  0.004133         0   0.01904        34       416    0.8911    0.8181    0.8738    0.4755   0.03502   0.01482         0
   278/299     7.79G   0.01514  0.004386         0   0.01953        40       416    0.9089    0.8182    0.8607    0.4799   0.03512   0.01483         0
   279/299     7.79G   0.01423  0.004104         0   0.01834        41       416    0.9368    0.8091    0.8703    0.4794   0.03532   0.01449         0
   280/299     7.79G   0.01562  0.004154         0   0.01978        29       416    0.9271    0.8088    0.8607    0.4627    0.0363   0.01545         0
   281/299     7.79G   0.01473  0.004305         0   0.01903        38       416    0.8925    0.8364    0.8604    0.4632   0.03644   0.01575         0
   282/299     7.79G   0.01408  0.003985         0   0.01806        24       416    0.9088    0.8182    0.8644    0.4693   0.03598   0.01539         0
   283/299     7.79G   0.01391  0.004284         0    0.0182        35       416    0.9071       0.8    0.8554    0.4737   0.03594   0.01546         0
   284/299     7.79G   0.01354  0.003729         0   0.01727        24       416     0.907       0.8    0.8506    0.4567   0.03637    0.0164         0
   285/299     7.79G   0.01505   0.00419         0   0.01924        33       416    0.8865    0.7818    0.8425    0.4393   0.03677    0.0173         0
   286/299     7.79G   0.01395  0.004352         0   0.01831        39       416    0.8426    0.8271    0.8417    0.4492   0.03664   0.01676         0
   287/299     7.79G   0.01518   0.00459         0   0.01977        21       416    0.8835    0.8272    0.8451    0.4506   0.03628   0.01615         0
   288/299     7.79G   0.01402   0.00465         0   0.01867        29       416    0.8846    0.8361    0.8519    0.4558   0.03551   0.01542         0
   289/299     7.79G   0.01421  0.004265         0   0.01848        43       416    0.8472    0.8636    0.8518    0.4654   0.03515   0.01529         0
   290/299     7.79G   0.01314  0.003741         0   0.01688        29       416    0.8844    0.8364    0.8665     0.478   0.03486   0.01541         0
   291/299     7.79G   0.01421  0.003839         0   0.01805        28       416    0.8932    0.8361    0.8685    0.4713   0.03484   0.01555         0
   292/299     7.79G   0.01384  0.004168         0   0.01801        37       416    0.8929    0.8364    0.8672    0.4716   0.03498    0.0162         0
   293/299     7.79G   0.01318  0.003855         0   0.01703        27       416    0.8857    0.8454    0.8653    0.4655    0.0351   0.01633         0
   294/299     7.79G   0.01389  0.003959         0   0.01785        41       416    0.8942    0.8452    0.8702    0.4807   0.03451   0.01569         0
   295/299     7.79G   0.01435  0.003865         0   0.01821        30       416    0.8941    0.8455    0.8602    0.4771   0.03457   0.01572         0
   296/299     7.79G   0.01382   0.00382         0   0.01764        23       416    0.8929    0.8364    0.8605    0.4764   0.03469   0.01563         0
   297/299     7.79G   0.01308  0.004268         0   0.01734        38       416    0.8951    0.8545     0.873    0.4845   0.03393   0.01511         0
   298/299     7.79G   0.01445  0.004396         0   0.01884        29       416    0.9199    0.8364    0.8732    0.4868     0.034   0.01512         0
   299/299     7.79G   0.01503  0.004481         0   0.01951        32       416    0.9118    0.8454    0.8754    0.4852   0.03403   0.01489         0
